# type beta information
# 1 0 249 ‘nacoJ’ (http://www.eso.org/sci/facilities/paranal/decommissioned/naco/inst/filters.html)
1.04	0
1.06	0.01
1.08	0.03
1.1	0.09
1.12	0.21
1.14	0.36
1.16	0.62
1.18	0.65
1.2	0.67
1.22	0.71
1.24	0.72
1.26	0.75
1.28	0.76
1.3	0.75
1.32	0.77
1.34	0.78
1.36	0.76
1.38	0.7
1.4	0.15
1.42	0.02
1.44	0.01
1.46	0
# 1 0 50 'F160W' (http://www.stsci.edu/0.000000E+00WFC3/UVIS/SystemThroughput/f160w.IR.tab)
0.8094 5.966016E-5
0.8194 5.961218E-5
0.8294 6.012943E-5
0.8394 5.998853E-5
0.8494 5.886017E-5
0.8594 5.772733E-5
0.8694 5.675752E-5
0.8794 5.800587E-5
0.8894 5.974226E-5
0.8994 5.964198E-5
0.9094 5.845811E-5
0.9194 5.744507E-5
0.9294 5.638423E-5
0.9394 5.546200E-5
0.9494 5.422116E-5
0.9594 5.291089E-5
0.9694 5.150885E-5
0.9794 5.006816E-5
0.9894 4.845954E-5
0.9994 4.681896E-5
1.0094 4.727139E-5
1.0194 4.784357E-5
1.0294 4.843370E-5
1.0394 4.902601E-5
1.0494 4.956304E-5
1.0594 4.974752E-5
1.0694 4.990834E-5
1.0794 5.002774E-5
1.0894 5.022859E-5
1.0994 5.045596E-5
1.1094 5.066188E-5
1.1194 5.087222E-5
1.1294 5.115201E-5
1.1394 5.143459E-5
1.1494 5.172709E-5
1.1594 5.202380E-5
1.1694 5.234974E-5
1.1794 5.265054E-5
1.1894 5.290231E-5
1.1994 5.315950E-5
1.2094 5.345195E-5
1.2194 5.379485E-5
1.2294 5.406540E-5
1.2394 5.434309E-5
1.2494 5.467412E-5
1.2594 5.490328E-5
1.2694 5.512158E-5
1.2794 5.529263E-5
1.2894 5.539593E-5
1.2994 5.550252E-5
1.3094 5.575945E-5
1.3194 5.602876E-5
1.3294 5.618896E-5
1.3394 5.634241E-5
1.3494 5.616165E-5
1.3594 5.593905E-5
1.3694 2.908403E-4
1.3794 0.001720398
1.3894 0.01479625
1.3994 0.2640412
1.4094 0.5027192
1.4194 0.5165976
1.4294 0.5475054
1.4394 0.5502629
1.4494 0.5487182
1.4594 0.5397455
1.4694 0.5507692
1.4794 0.5386388
1.4894 0.5259437
1.4994 0.5401525
1.5094 0.547731
1.5194 0.5406186
1.5294 0.5197476
1.5394 0.510905
1.5494 0.523447
1.5594 0.5250275
1.5694 0.5241885
1.5794 0.521032
1.5894 0.5144846
1.5994 0.5075993
1.6094 0.4935827
1.6194 0.4924875
1.6294 0.4839116
1.6394 0.4594715
1.6494 0.4740075
1.6594 0.4687669
1.6694 0.4494745
1.6794 0.4121509
1.6894 0.1584096
1.6994 0.006440664
# 1 0 250 ‘nacoK’ (http://www.eso.org/sci/facilities/paranal/decommissioned/naco/inst/filters.html)
1.88 0   
1.9  0.02
1.92 0.03
1.94 0.1 
1.96 0.35
1.98 0.6 
2    0.64
2.02 0.66
2.04 0.67
2.06 0.68
2.08 0.68
2.1  0.69
2.12 0.69
2.14 0.69
2.16 0.69
2.18 0.7 
2.2  0.69
2.22 0.68
2.24 0.68
2.26 0.66
2.28 0.64
2.3  0.63
2.32 0.5 
2.34 0.19
2.36 0.05
2.38 0.02
2.4  0.01
2.42 0.01
2.44 0   
# 1 0 251 ‘nacoLp’ (http://www.eso.org/sci/facilities/paranal/decommissioned/naco/inst/filters.html)
3.38 0.00
3.40 0.01
3.42 0.02
3.45 0.06
3.47 0.23
3.50 0.65
3.52 0.82
3.55 0.90
3.57 0.92
3.60 0.92
3.62 0.94
3.65 0.94
3.68 0.95
3.70 0.95
3.73 0.94
3.76 0.94
3.79 0.94
3.82 0.94
3.85 0.93
3.88 0.93
3.91 0.93
3.94 0.94
3.97 0.95
4.00 0.94
4.03 0.93
4.07 0.89
4.10 0.65
4.13 0.31
4.17 0.09
4.20 0.03
4.24 0.01
4.27 0.01
4.31 0.0
# 1 0 252 ‘nacoMp’ (http://www.eso.org/sci/facilities/paranal/decommissioned/naco/inst/filters.html)
4.35 0.00
4.39 0.01
4.42 0.04
4.46 0.26
4.50 0.70
4.55 0.88
4.59 0.86
4.63 0.86
4.67 0.86
4.72 0.87
4.76 0.88
4.81 0.89
4.85 0.90
4.90 0.90
4.95 0.87
5.00 0.85
5.05 0.60
5.10 0.27
5.21 0.01
5.26 0.00
# 1 0 271 ‘A53’ (https://www.sofia.usra.edu/science/proposing-and-observing/sofia-observers-handbook-cycle-5/10-instruments-vii-hawc/101-0#Table10-1)
44.500 0.00502990
44.560 0.00542516
44.620 0.00552542
44.680 0.00085515
44.740 0.00417805
44.800 0.00770183
44.860 0.00873243
44.920 0.00910214
44.980 0.00845683
45.040 0.00446842
45.100 0.00000000
45.160 0.00155566
45.220 0.00980617
45.280 0.01368030
45.340 0.01613380
45.400 0.01794730
45.460 0.01953010
45.520 0.02079190
45.580 0.02230050
45.640 0.02305350
45.700 0.02468840
45.760 0.02580490
45.820 0.02713640
45.880 0.02841780
45.940 0.02978030
46.000 0.03116030
46.060 0.03221270
46.120 0.03356850
46.180 0.03503150
46.240 0.03686800
46.300 0.03795780
46.360 0.03911430
46.420 0.03950290
46.480 0.00006337
46.540 0.00022692
46.600 0.00508657
46.660 0.04067500
46.720 0.01194840
46.780 0.02151570
46.840 0.04823060
46.900 0.05527350
46.960 0.05824680
47.020 0.02487500
47.080 0.05905380
47.140 0.06598050
47.200 0.06992260
47.260 0.07348480
47.320 0.07536010
47.380 0.07409530
47.440 0.06132570
47.500 0.08382730
47.560 0.08810520
47.620 0.08878220
47.680 0.08768990
47.740 0.08175500
47.800 0.06677040
47.860 0.03354760
47.920 0.00034183
47.980 0.00000000
48.040 0.00400742
48.100 0.05304140
48.160 0.09417210
48.220 0.12024800
48.280 0.04794430
48.340 0.15066300
48.400 0.16259700
48.460 0.17209700
48.520 0.17994100
48.580 0.18828900
48.640 0.19508800
48.700 0.20014000
48.760 0.20417100
48.820 0.20661600
48.880 0.20096500
48.940 0.19865200
49.000 0.18344600
49.060 0.15402200
49.120 0.10413600
49.180 0.03431480
49.240 0.00005801
49.300 0.00000000
49.360 0.00000000
49.420 0.00000000
49.480 0.02448790
49.540 0.10996000
49.600 0.18526600
49.660 0.23495500
49.720 0.28549400
49.780 0.31734200
49.840 0.31577800
49.900 0.28776900
49.960 0.33689200
50.020 0.37333800
50.080 0.40565900
50.140 0.41474400
50.200 0.41626700
50.260 0.44274700
50.320 0.44906400
50.380 0.46071800
50.440 0.46739100
50.500 0.13585400
50.560 0.45345500
50.620 0.14068400
50.680 0.42913300
50.740 0.46000300
50.800 0.49907000
50.860 0.50752800
50.920 0.50907300
50.980 0.50320700
51.040 0.40939100
51.100 0.39680100
51.160 0.51714600
51.220 0.53362700
51.280 0.53208300
51.340 0.51881500
51.400 0.43215300
51.460 0.00000000
51.520 0.48408100
51.580 0.50629700
51.640 0.39226200
51.700 0.03446280
51.760 0.49983100
51.820 0.54064000
51.880 0.55311000
51.940 0.56408300
52.000 0.56374600
52.060 0.56840500
52.120 0.57511800
52.180 0.57105100
52.240 0.57328800
52.300 0.57685300
52.360 0.56958600
52.420 0.56753300
52.480 0.56935000
52.540 0.56216800
52.600 0.56122400
52.660 0.56039500
52.720 0.55131400
52.780 0.54543700
52.840 0.53416900
52.900 0.50590300
52.960 0.45269000
53.020 0.32657400
53.080 0.04964150
53.140 0.00000000
53.200 0.07652100
53.260 0.25793700
53.320 0.45409800
53.380 0.50865300
53.440 0.50927600
53.500 0.54255800
53.560 0.55707400
53.620 0.56103000
53.680 0.55955400
53.740 0.53774400
53.800 0.56881000
53.860 0.56985500
53.920 0.56500400
53.980 0.57402200
54.040 0.57150100
54.100 0.56984000
54.160 0.56637300
54.220 0.56339100
54.280 0.56410500
54.340 0.55765900
54.400 0.53601600
54.460 0.43202700
54.520 0.03066230
54.580 0.50430100
54.640 0.54542400
54.700 0.55478300
54.760 0.55145000
54.820 0.54625900
54.880 0.53905400
54.940 0.51502700
55.000 0.46385700
55.060 0.29714600
55.120 0.00000000
55.180 0.15886300
55.240 0.41970100
55.300 0.48230000
55.360 0.50049300
55.420 0.50986000
55.480 0.47145300
55.540 0.50905900
55.600 0.50750900
55.660 0.50522200
55.720 0.49789300
55.780 0.47923600
55.840 0.00000000
55.900 0.45158600
55.960 0.42564000
56.020 0.34835300
56.080 0.36754300
56.140 0.29077600
56.200 0.15731500
56.260 0.00753426
56.320 0.00000000
56.380 0.00191147
56.440 0.12372900
56.500 0.24897700
56.560 0.30683000
56.620 0.32449700
56.680 0.30695000
56.740 0.12693800
56.800 0.00004089
56.860 0.12053900
56.920 0.30024100
56.980 0.33518400
57.040 0.33674200
57.100 0.33903000
57.160 0.33435400
57.220 0.32337600
57.280 0.31087700
57.340 0.29595800
57.400 0.27237900
57.460 0.23468200
57.520 0.15764600
57.580 0.01809740
57.640 0.00000000
57.700 0.00000000
57.760 0.10813700
57.820 0.18738500
57.880 0.21765600
57.940 0.22696600
58.000 0.22814600
58.060 0.22054400
58.120 0.20940500
58.180 0.19854600
58.240 0.18421100
58.300 0.16282600
58.360 0.13735100
58.420 0.10649600
58.480 0.06427150
58.540 0.02007100
58.600 0.00044855
58.660 0.00000000
58.720 0.00000000
58.780 0.00002657
58.840 0.00908983
58.900 0.04253700
58.960 0.07334860
59.020 0.09096520
59.080 0.09468470
59.140 0.11969800
59.200 0.12167600
59.260 0.12260300
59.320 0.11159400
59.380 0.11115500
59.440 0.12018000
59.500 0.12031200
59.560 0.12081500
59.620 0.11606900
59.680 0.11018300
59.740 0.10722800
59.800 0.10180000
59.860 0.08591350
59.920 0.04511430
59.980 0.00000000
60.040 0.02916310
60.100 0.06655740
60.160 0.00000000
60.220 0.07636940
60.280 0.08303570
60.340 0.08074380
60.400 0.07837250
60.460 0.07172460
60.520 0.07739970
60.580 0.07343360
60.640 0.07029430
60.700 0.07045060
60.760 0.06911410
60.820 0.06515660
60.880 0.06267430
60.940 0.06237440
61.000 0.06037740
61.060 0.05711690
61.120 0.05449410
61.180 0.04998680
61.240 0.05359660
61.300 0.04914360
61.360 0.04744950
61.420 0.04725920
61.480 0.04622660
61.540 0.04313240
61.600 0.04111520
61.660 0.04092630
61.720 0.03904980
61.780 0.02307910
61.840 0.02399780
61.900 0.03437000
61.960 0.03508750
62.020 0.03308920
62.080 0.03218290
62.140 0.03194360
62.200 0.03120760
62.260 0.02952800
62.320 0.02771410
62.380 0.02522360
62.440 0.00965386
62.500 0.02555520
62.560 0.02419440
62.620 0.02357250
62.680 0.02346460
62.740 0.02250460
62.800 0.02084870
62.860 0.01918290
62.920 0.00153922
62.980 0.01765440
63.040 0.01669390
63.100 0.01480740
63.160 0.01262870
63.220 0.00748764
63.280 0.00012309
63.340 0.00000000
63.400 0.00145899
63.460 0.00000000
63.520 0.00563184
63.580 0.00969823
63.640 0.01088510
63.700 0.01158760
63.760 0.01176710
63.820 0.01087370
63.880 0.00030018
63.940 0.00287498
64.000 0.00755774
64.060 0.01021260
64.120 0.00987514
64.180 0.00959288
64.240 0.00949624
64.300 0.00923315
64.360 0.00864992
64.420 0.00822102
64.480 0.00814910
64.540 0.00791521
64.600 0.00749728
64.660 0.00698833
64.720 0.00648195
64.780 0.00605582
64.840 0.00551429
64.900 0.00188464
64.960 0.00316396
65.020 0.00150931
65.080 0.00010325
65.140 0.00000000
65.200 0.00000000
65.260 0.00019748
65.320 0.00145192
65.380 0.00248674
65.440 0.00301914
65.500 0.00320795
65.560 0.00279197
65.620 0.00341776
65.680 0.00348608
65.740 0.00207326
# 1 1  Herschel PACS 70um filter (L. Dunne, Feb 2009)
25.53 0.000 1 
26.13 0.000 1 
26.74 0.000 1 
27.36 0.000 1 
28.00 0.000 1 
28.65 0.000 1 
29.32 0.000 1 
30.00 0.000 1 
30.70 0.000 1 
31.41 0.000 1 
32.15 0.000 1 
32.89 0.000 1 
33.66 0.000 1 
34.44 0.000 1 
35.25 0.000 1 
36.07 0.000 1 
36.91 0.000 1 
37.77 0.000 1 
38.65 0.000 1 
39.55 0.000 1 
40.47 0.000 1 
41.41 0.000 1 
42.38 0.000 1 
43.36 0.000 1 
44.37 0.000 1 
45.41 0.000 1 
46.46 0.000 1 
47.55 0.000 1 
48.65 0.000 1 
49.79 0.000 1 
50.95 0.2000E-02 1 
52.13 0.1100E-01 1 
53.35 0.3000E-01 1 
54.59 0.7200E-01 1 
55.86 0.1430 1 
57.16 0.1750 1 
58.50 0.2400 1 
59.86 0.3190 1 
61.25 0.4700 1 
62.68 0.6240 1 
64.14 0.7580 1 
65.63 0.7960 1 
67.16 0.8270 1 
68.73 0.8060 1 
70.33 0.8180 1 
71.97 0.8270 1 
73.64 0.8350 1 
75.36 0.8200 1 
77.11 0.6840 1 
78.91 0.5240 1 
80.75 0.3870 1 
82.63 0.2870 1 
84.55 0.2110 1 
86.52 0.1530 1 
88.54 0.1120 1 
90.60 0.8500E-01 1 
92.71 0.6600E-01 1 
94.87 0.5200E-01 1 
97.08 0.4000E-01 1 
99.34 0.3100E-01 1 
101.7 0.2500E-01 1 
104.0 0.2200E-01 1 
106.4 0.2000E-01 1 
108.9 0.1900E-01 1 
111.5 0.1700E-01 1 
114.1 0.1100E-01 1 
116.7 0.7000E-02 1 
119.4 0.6000E-02 1 
122.2 0.6000E-02 1 
# 1 0 273 ‘C89’ (https://www.sofia.usra.edu/science/proposing-and-observing/sofia-observers-handbook-cycle-5/10-instruments-vii-hawc/101-0#Table10-1)
73.700 0.00399789
73.800 0.00440706
73.900 0.00477140
74.000 0.00521955
74.100 0.00576446
74.200 0.00617977
74.300 0.00666970
74.400 0.00649877
74.500 0.00732157
74.600 0.00749610
74.700 0.00769652
74.800 0.00675932
74.900 0.00128653
75.000 0.00174267
75.100 0.00288184
75.200 0.00042707
75.300 0.00000000
75.400 0.00000000
75.500 0.00000000
75.600 0.00158836
75.700 0.00499632
75.800 0.00006591
75.900 0.00000000
76.000 0.01278780
76.100 0.01948770
76.200 0.02259890
76.300 0.01795220
76.400 0.00829324
76.500 0.02783050
76.600 0.03254440
76.700 0.03455490
76.800 0.03735330
76.900 0.04009330
77.000 0.04209920
77.100 0.04454030
77.200 0.04605190
77.300 0.04846790
77.400 0.05062590
77.500 0.05014510
77.600 0.05152140
77.700 0.04329210
77.800 0.02941200
77.900 0.05611350
78.000 0.05754360
78.100 0.05544940
78.200 0.05030720
78.300 0.04178620
78.400 0.02656770
78.500 0.00797774
78.600 0.00007309
78.700 0.00000000
78.800 0.00000000
78.900 0.00000000
79.000 0.00166075
79.100 0.02979640
79.200 0.06052870
79.300 0.08736320
79.400 0.10699800
79.500 0.09498840
79.600 0.13345800
79.700 0.14627000
79.800 0.16672600
79.900 0.18000800
80.000 0.19170500
80.100 0.20295800
80.200 0.18463100
80.300 0.22517200
80.400 0.23709300
80.500 0.23735000
80.600 0.23945800
80.700 0.26995900
80.800 0.23096800
80.900 0.28717600
81.000 0.28822900
81.100 0.26502900
81.200 0.00029172
81.300 0.22677300
81.400 0.00062522
81.500 0.24776900
81.600 0.18550900
81.700 0.07251950
81.800 0.04984980
81.900 0.00057467
82.000 0.00000000
82.100 0.00000000
82.200 0.00879655
82.300 0.09652730
82.400 0.18394300
82.500 0.26385600
82.600 0.34233200
82.700 0.37410500
82.800 0.37451000
82.900 0.28482900
83.000 0.04163540
83.100 0.16083400
83.200 0.00256714
83.300 0.00000000
83.400 0.03634440
83.500 0.25345400
83.600 0.25288400
83.700 0.47194000
83.800 0.52133200
83.900 0.54570800
84.000 0.56612000
84.100 0.57858000
84.200 0.58694600
84.300 0.58972000
84.400 0.58598800
84.500 0.56475000
84.600 0.49440000
84.700 0.13902500
84.800 0.00194099
84.900 0.43237000
85.000 0.57825000
85.100 0.61606300
85.200 0.63597600
85.300 0.64111600
85.400 0.54285300
85.500 0.63815200
85.600 0.64034100
85.700 0.51657800
85.800 0.26362500
85.900 0.63139100
86.000 0.64774800
86.100 0.62711900
86.200 0.66113500
86.300 0.66122200
86.400 0.50451000
86.500 0.66413800
86.600 0.66593400
86.700 0.66439500
86.800 0.66600300
86.900 0.67056000
87.000 0.66216200
87.100 0.67257100
87.200 0.67480300
87.300 0.67354000
87.400 0.26284200
87.500 0.66890900
87.600 0.64928000
87.700 0.67119800
87.800 0.67215700
87.900 0.67233300
88.000 0.63562200
88.100 0.63606500
88.200 0.65341200
88.300 0.65264000
88.400 0.64931400
88.500 0.64457700
88.600 0.63854300
88.700 0.63215000
88.800 0.62426700
88.900 0.61570300
89.000 0.60326900
89.100 0.58770600
89.200 0.57523700
89.300 0.54582600
89.400 0.50701200
89.500 0.44899000
89.600 0.35587700
89.700 0.21241900
89.800 0.04500880
89.900 0.00000000
90.000 0.00000000
90.100 0.00023353
90.200 0.07629430
90.300 0.24290700
90.400 0.36666600
90.500 0.41969200
90.600 0.51580000
90.700 0.55065000
90.800 0.56704400
90.900 0.51812900
91.000 0.57649700
91.100 0.60689200
91.200 0.61243500
91.300 0.61756500
91.400 0.61752500
91.500 0.62067500
91.600 0.62216400
91.700 0.62128400
91.800 0.61281100
91.900 0.56896000
92.000 0.61562800
92.100 0.61092900
92.200 0.60223800
92.300 0.59548000
92.400 0.55733900
92.500 0.55511300
92.600 0.49756300
92.700 0.28172600
92.800 0.00000000
92.900 0.17344500
93.000 0.45329300
93.100 0.51559700
93.200 0.51401900
93.300 0.38942000
93.400 0.00793647
93.500 0.45268400
93.600 0.50364000
93.700 0.33799800
93.800 0.49261800
93.900 0.46052600
94.000 0.35940900
94.100 0.27256300
94.200 0.00000000
94.300 0.18793900
94.400 0.23083800
94.500 0.08971750
94.600 0.00000000
94.700 0.00000000
94.800 0.01740910
94.900 0.16310600
95.000 0.25227700
95.100 0.18074800
95.200 0.22468000
95.300 0.16667000
95.400 0.05960320
95.500 0.00072787
95.600 0.00000000
95.700 0.00000000
95.800 0.00465026
95.900 0.00000000
96.000 0.11817100
96.100 0.22141200
96.200 0.22207400
96.300 0.32589200
96.400 0.34646200
96.500 0.29989400
96.600 0.34711100
96.700 0.35148900
96.800 0.06908050
96.900 0.35118900
97.000 0.35288700
97.100 0.34905900
97.200 0.34367200
97.300 0.32500300
97.400 0.33150600
97.500 0.32604900
97.600 0.31595600
97.700 0.30506700
97.800 0.29246000
97.900 0.27911100
98.000 0.26135700
98.100 0.22698300
98.200 0.19971600
98.300 0.13260900
98.400 0.01473780
98.500 0.00000000
98.600 0.02986230
98.700 0.10126800
98.800 0.10965300
98.900 0.04483610
99.000 0.06428460
99.100 0.03103890
99.200 0.00605460
99.300 0.00005083
99.400 0.00000000
99.500 0.00000000
99.600 0.00000000
99.700 0.00011648
99.800 0.00199360
99.900 0.02063320
100.000 0.00837611
100.100 0.05708630
100.200 0.06488270
100.300 0.06185250
100.400 0.04507110
100.500 0.04305120
100.600 0.02114720
100.700 0.00358146
100.800 0.00000000
100.900 0.00000000
101.000 0.00000000
101.100 0.00000000
101.200 0.00000000
101.300 0.01161820
101.400 0.03533710
101.500 0.03470970
101.600 0.06822590
101.700 0.07755820
101.800 0.08281590
101.900 0.07656460
102.000 0.03944810
102.100 0.08550350
102.200 0.08587270
102.300 0.01896120
102.400 0.08275880
102.500 0.08447470
102.600 0.08301900
102.700 0.08084730
102.800 0.07732980
102.900 0.07634060
103.000 0.07398610
103.100 0.07108670
103.200 0.06507410
103.300 0.01937600
103.400 0.06024110
103.500 0.05628150
103.600 0.04976820
103.700 0.03880290
103.800 0.01597560
103.900 0.00000000
104.000 0.00006746
104.100 0.00000000
104.200 0.00520360
104.300 0.02516650
104.400 0.03500610
104.500 0.03863070
104.600 0.03583130
104.700 0.04001710
104.800 0.03952120
104.900 0.03877310
105.000 0.02604660
105.100 0.03628310
105.200 0.03395970
105.300 0.00546473
105.400 0.03073570
105.500 0.03151250
105.600 0.03075390
105.700 0.02959680
105.800 0.02794840
105.900 0.02706040
106.000 0.02288880
106.100 0.02496130
106.200 0.02361760
106.300 0.02193950
106.400 0.02057860
106.500 0.02033410
106.600 0.01916900
106.700 0.01780220
106.800 0.01638840
106.900 0.01453350
107.000 0.01311330
107.100 0.00994514
107.200 0.00987938
107.300 0.00779208
107.400 0.00550643
107.500 0.00336576
107.600 0.00142781
107.700 0.00000372
107.800 0.00000836
107.900 0.00000000
108.000 0.00000000
108.100 0.00000000
108.200 0.00000000
108.300 0.00000000
108.400 0.00006349
108.500 0.00002946
108.600 0.00157449
108.700 0.00268219
108.800 0.00386421
108.900 0.00416373
109.000 0.00579302
109.100 0.00627968
109.200 0.00653782
109.300 0.00468349
109.400 0.00519068
109.500 0.00711552
109.600 0.00727265
109.700 0.00743137
109.800 0.00729967
109.900 0.00424635
110.000 0.00709559
110.100 0.00705084
110.200 0.00696175
110.300 0.00675940
110.400 0.00658956
110.500 0.00638203
110.600 0.00617689
110.700 0.00594938
110.800 0.00566467
110.900 0.00528228
111.000 0.00483965
111.100 0.00495909
111.200 0.00474499
111.300 0.00413997
111.400 0.00299796
111.500 0.00085835
111.600 0.00000000
111.700 0.00003383
111.800 0.00164474
111.900 0.00141147
112.000 0.00292390
112.100 0.00246888
112.200 0.00279831
112.300 0.00241164
112.400 0.00137206
112.500 0.00000000
112.600 0.00078704
112.700 0.00123814
112.800 0.00086204
112.900 0.00071847
113.000 0.00032939
113.100 0.00010790
# 1 0 266 ‘pacs100’ (http://herschel.esac.esa.int/Docs/Herschel/html/ch03s02.html)
101.5003 0.49686999999999998
102.5003 0.48532999999999998
103.5003 0.47677999999999998
104.5003 0.45629999999999998
105.5003 0.42853000000000002
106.5003 0.41460999999999998
107.5003 0.41958000000000001
108.5003 0.41593999999999998
109.5003 0.41017999999999999
110.5003 0.40584999999999999
111.5003 0.40205000000000002
112.5003 0.39717999999999998
113.5003 0.38917000000000002
114.5003 0.37808999999999998
115.5003 0.36636000000000002
116.5003 0.35242000000000001
117.5003 0.33810000000000001
118.5003 0.31890000000000002
119.5003 0.29476999999999998
120.5003 0.26445999999999997
121.5003 0.22975999999999999
122.5003 0.19148999999999999
123.5003 0.15126999999999999
124.5003 0.11237999999999999
125.5003 0.07786999999999999
126.5003 0.05016000000000000
127.5003 0.03045000000000000
128.5003 0.01708000000000000
129.5003 0.00929000000000000
130.5003 0.00605000000000000
131.5003 0.00527000000000000
132.5003 0.00528000000000000
133.5003 0.00550000000000000
134.5003 0.00525000000000000
135.5003 0.00458000000000000
136.5003 0.00394000000000000
137.5003 0.00318000000000000
138.5003 0.00238000000000000
139.5003 0.00178000000000000
140.5003 0.00125000000000000
141.5003 0.00082000000000000
142.5003 0.00052000000000000
143.5003 0.00034000000000000
144.5003 0.00022000000000000
145.5003 0.00014000000000000
146.5003 0.00009000000000000
147.5003 0.00006000000000000
148.5003 0.00003000000000000
149.5003 0.00002000000000000
150.5003 0.00002000000000000
151.5003 0.00001000000000000
152.5003 0.00001000000000000
153.5003 0.00001000000000000
154.5003 0.00000000000000000
155.5003 0.45457999999999998
156.5003 0.45394000000000001
157.5003 0.44849000000000000
158.5003 0.44463000000000003
159.5003 0.43637999999999999
# 1 1  Herschel PACS 160um filter (L. Dunne, Feb 2009)
122.2 0.1000E-02 1 
125.1 0.2000E-02 1 
128.0 0.3000E-02 1 
131.0 0.6000E-02 1 
134.0 0.1300E-01 1 
137.1 0.3100E-01 1 
140.3 0.6600E-01 1 
143.6 0.1090 1 
146.9 0.1640 1 
150.4 0.2520 1 
153.9 0.3280 1 
157.4 0.3700 1 
161.1 0.4120 1 
164.9 0.4150 1 
168.7 0.3910 1 
172.6 0.3820 1 
176.7 0.3610 1 
180.8 0.2850 1 
185.0 0.1710 1 
189.3 0.8300E-01 1 
193.7 0.3900E-01 1 
198.2 0.1900E-01 1 
202.8 0.9000E-02 1 
207.5 0.4000E-02 1 
212.4 0.3000E-02 1 
217.3 0.3000E-02 1 
# 1 0 275 ‘E214’ (https://www.sofia.usra.edu/science/proposing-and-observing/sofia-observers-handbook-cycle-5/10-instruments-vii-hawc/101-0#Table10-1)
172.080 0.00150643
172.340 0.00169272
172.600 0.00181480
172.860 0.00184404
173.120 0.00171256
173.380 0.00142969
173.640 0.00081996
173.900 0.00027773
174.160 0.00000547
174.420 0.00000000
174.680 0.00000000
174.940 0.00000000
175.200 0.00007922
175.460 0.00096013
175.720 0.00228905
175.980 0.00418960
176.240 0.00330962
176.500 0.00403959
176.760 0.00772338
177.020 0.00850656
177.280 0.00899039
177.540 0.00887263
177.800 0.00809259
178.060 0.00659512
178.320 0.00413225
178.580 0.00188363
178.840 0.00023891
179.100 0.00000000
179.360 0.00000000
179.620 0.00000000
179.880 0.00000000
180.140 0.00000000
180.400 0.00000000
180.660 0.00000000
180.920 0.00018915
181.180 0.00284735
181.440 0.00860312
181.700 0.00423684
181.960 0.01758240
182.220 0.02283240
182.480 0.02296370
182.740 0.03084810
183.000 0.03449910
183.260 0.03736640
183.520 0.02623540
183.780 0.03571410
184.040 0.04709470
184.300 0.04891540
184.560 0.05113320
184.820 0.05507950
185.080 0.05527010
185.340 0.04960430
185.600 0.06022730
185.860 0.06029060
186.120 0.05727530
186.380 0.04704990
186.640 0.02182190
186.900 0.00039892
187.160 0.00000000
187.420 0.00656354
187.680 0.04398860
187.940 0.06768940
188.200 0.05528100
188.460 0.00476815
188.720 0.09678690
188.980 0.10934600
189.240 0.11706400
189.500 0.05226220
189.760 0.10483200
190.020 0.09665700
190.280 0.14073300
190.540 0.15036600
190.800 0.15796100
191.060 0.16725500
191.320 0.00662147
191.580 0.18324200
191.840 0.19326700
192.100 0.19563500
192.360 0.17450200
192.620 0.21122700
192.880 0.22923500
193.140 0.23893000
193.400 0.24891400
193.660 0.25804900
193.920 0.26835200
194.180 0.26845800
194.440 0.01514020
194.700 0.29394400
194.960 0.31471500
195.220 0.32897300
195.480 0.33545900
195.740 0.26913200
196.000 0.31623600
196.260 0.34774300
196.520 0.03052150
196.780 0.33889500
197.040 0.40080400
197.300 0.42225900
197.560 0.42767700
197.820 0.44234900
198.080 0.45111100
198.340 0.46719600
198.600 0.48061000
198.860 0.46259800
199.120 0.48860800
199.380 0.51310900
199.640 0.51994400
199.900 0.50608900
200.160 0.49665600
200.420 0.52110500
200.680 0.52097100
200.940 0.48297700
201.200 0.54734400
201.460 0.54888500
201.720 0.55692200
201.980 0.54294100
202.240 0.04152960
202.500 0.52236700
202.760 0.58062400
203.020 0.58627100
203.280 0.58587000
203.540 0.55457200
203.800 0.55538300
204.060 0.46914000
204.320 0.00159625
204.580 0.28833500
204.840 0.53821500
205.100 0.58598400
205.360 0.60292200
205.620 0.60662000
205.880 0.60100300
206.140 0.61396900
206.400 0.61432100
206.660 0.60684000
206.920 0.61277600
207.180 0.60931600
207.440 0.60513000
207.700 0.58345300
207.960 0.51417700
208.220 0.55061100
208.480 0.59644100
208.740 0.56802900
209.000 0.59523500
209.260 0.57288800
209.520 0.57234800
209.780 0.56498300
210.040 0.53553300
210.300 0.42243200
210.560 0.00005724
210.820 0.34541300
211.080 0.43052900
211.340 0.37114200
211.600 0.27644100
211.860 0.14653400
212.120 0.01441800
212.380 0.00000000
212.640 0.00000000
212.900 0.00826835
213.160 0.00000000
213.420 0.25263900
213.680 0.29599900
213.940 0.43254500
214.200 0.45306400
214.460 0.11893700
214.720 0.41517900
214.980 0.35878800
215.240 0.46876400
215.500 0.50653800
215.760 0.53168600
216.020 0.57144600
216.280 0.56622100
216.540 0.57571200
216.800 0.57342000
217.060 0.54892800
217.320 0.35930000
217.580 0.56571100
217.840 0.57852100
218.100 0.58147200
218.360 0.55962200
218.620 0.57819200
218.880 0.54038800
219.140 0.56966000
219.400 0.56768500
219.660 0.53266800
219.920 0.02143700
220.180 0.53732500
220.440 0.56168100
220.700 0.56224600
220.960 0.44656300
221.220 0.56023800
221.480 0.55904900
221.740 0.56197400
222.000 0.55752800
222.260 0.55562700
222.520 0.55521700
222.780 0.53162100
223.040 0.53828900
223.300 0.36969000
223.560 0.54211300
223.820 0.54452000
224.080 0.54451100
224.340 0.54047300
224.600 0.53735800
224.860 0.53374200
225.120 0.45173400
225.380 0.51984900
225.640 0.51643900
225.900 0.50567900
226.160 0.48441600
226.420 0.42567400
226.680 0.09199360
226.940 0.26100500
227.200 0.39135400
227.460 0.46566400
227.720 0.45444100
227.980 0.11100000
228.240 0.37226500
228.500 0.47066700
228.760 0.47286800
229.020 0.47940900
229.280 0.47244400
229.540 0.31409000
229.800 0.46835900
230.060 0.47602400
230.320 0.47309100
230.580 0.46964500
230.840 0.46071300
231.100 0.43829700
231.360 0.39021200
231.620 0.45416500
231.880 0.45565100
232.140 0.44829500
232.400 0.44816300
232.660 0.44002200
232.920 0.40633000
233.180 0.43128600
233.440 0.42525700
233.700 0.41621900
233.960 0.36527100
234.220 0.40424400
234.480 0.34810400
234.740 0.38491100
235.000 0.39765200
235.260 0.39243700
235.520 0.38590900
235.780 0.38007800
236.040 0.33444200
236.300 0.37193200
236.560 0.35923000
236.820 0.35548400
237.080 0.32733300
237.340 0.34333200
237.600 0.33440800
237.860 0.32083500
238.120 0.30059300
238.380 0.23695800
238.640 0.00006240
238.900 0.06886870
239.160 0.24927000
239.420 0.27188400
239.680 0.27815700
239.940 0.21033300
240.200 0.26695500
240.460 0.25707500
240.720 0.15397800
240.980 0.24235600
241.240 0.23494800
241.500 0.22657500
241.760 0.21669100
242.020 0.20351500
242.280 0.18356300
242.540 0.16358300
242.800 0.12518600
243.060 0.09831900
243.320 0.04704220
243.580 0.00174610
243.840 0.00000000
244.100 0.00000000
244.360 0.00331333
244.620 0.03894500
244.880 0.07679260
245.140 0.09957290
245.400 0.11125900
245.660 0.07040250
245.920 0.11804800
246.180 0.11439400
246.440 0.10775800
246.700 0.09339930
246.960 0.00514924
247.220 0.03796390
247.480 0.02910180
247.740 0.01227940
248.000 0.00003085
248.260 0.00000000
248.520 0.00016871
248.780 0.01407110
249.040 0.03787280
249.300 0.05667290
249.560 0.06418620
249.820 0.06840790
250.080 0.06174580
250.340 0.06571180
250.600 0.03725340
250.860 0.04462490
251.120 0.06581190
251.380 0.06577260
251.640 0.06364930
251.900 0.06192220
252.160 0.05484810
252.420 0.05781460
252.680 0.05571040
252.940 0.05249880
253.200 0.05007040
253.460 0.04632830
253.720 0.03764610
253.980 0.00313835
254.240 0.01718760
254.500 0.03467470
254.760 0.03512880
255.020 0.03296780
255.280 0.02966100
255.540 0.02536060
255.800 0.00806323
256.060 0.01559820
256.320 0.01149480
256.580 0.00642388
256.840 0.00206024
257.100 0.00019793
257.360 0.00000000
257.620 0.00000000
257.880 0.00000000
258.140 0.00000000
258.400 0.00000742
258.660 0.00056845
258.920 0.00130613
259.180 0.00352867
259.440 0.00261728
259.700 0.00016672
259.960 0.00000000
260.220 0.00004245
260.480 0.00316312
260.740 0.00752949
261.000 0.00929611
261.260 0.00402908
261.520 0.00510311
261.780 0.00543375
262.040 0.01381890
262.300 0.01432880
262.560 0.01438580
262.820 0.01421970
263.080 0.01395930
263.340 0.01347040
263.600 0.01163610
263.860 0.01092160
264.120 0.01225750
264.380 0.01174580
264.640 0.01155050
264.900 0.01126660
265.160 0.01088970
265.420 0.01047000
265.680 0.00980155
265.940 0.00783051
266.200 0.00885570
266.460 0.00820042
266.720 0.00725086
266.980 0.00570503
267.240 0.00210217
267.500 0.00000000
267.760 0.00147777
268.020 0.00294547
268.280 0.00206028
268.540 0.00085302
268.800 0.00005040
269.060 0.00000000
269.320 0.00000000
269.580 0.00000000
269.840 0.00016933
270.100 0.00096406
270.360 0.00176975
270.620 0.00234331
270.880 0.00250241
271.140 0.00239157
271.400 0.00199822
271.660 0.00141337
271.920 0.00075687
272.180 0.00022126
272.440 0.00002110
272.700 0.00000000
272.960 0.00000000
273.220 0.00000000
273.480 0.00000000
273.740 0.00000000
274.000 0.00003407
274.260 0.00028016
274.520 0.00074559
274.780 0.00122343
275.040 0.00152125
275.300 0.00094976
275.560 0.00000026
275.820 0.00054878
276.080 0.00234673
276.340 0.00275343
276.600 0.00316885
276.860 0.00333429
277.120 0.00342981
277.380 0.00338033
277.640 0.00339425
277.900 0.00351297
278.160 0.00289933
278.420 0.00350771
278.680 0.00349220
278.940 0.00349239
279.200 0.00329004
279.460 0.00346685
279.720 0.00341820
279.980 0.00331053
280.240 0.00143303
280.500 0.00313734
280.760 0.00311214
281.020 0.00305089
281.280 0.00299765
281.540 0.00294411
281.800 0.00286340
282.060 0.00268968
282.320 0.00183527
282.580 0.00006140
282.840 0.00222079
283.100 0.00094640
283.360 0.00251936
283.620 0.00253498
283.880 0.00263839
284.140 0.00270753
284.400 0.00274168
284.660 0.00275229
284.920 0.00271048
285.180 0.00266738
285.440 0.00257598
285.700 0.00251286
285.960 0.00245909
286.220 0.00247324
286.480 0.00239496
286.740 0.00241691
287.000 0.00133723
287.260 0.00246850
287.520 0.00247096
287.780 0.00245901
288.040 0.00244451
288.300 0.00243521
288.560 0.00242794
288.820 0.00236834
289.080 0.00225328
289.340 0.00170772
289.600 0.00222140
289.860 0.00223901
290.120 0.00222981
290.380 0.00215203
290.640 0.00219315
290.900 0.00214586
291.160 0.00175599
291.420 0.00011698
291.680 0.00032461
291.940 0.00055940
292.200 0.00155360
292.460 0.00177858
# 1 0 268 ‘spire250’ (http://herschel.esac.esa.int/Docs/Herschel/html/ch03s02.html)
192.3  0.000
196.1  0.010
200.0  0.020
204.1  0.040
208.3  0.150
212.8  0.400
217.4  0.450
222.2  0.470
227.3  0.520
232.6  0.570
238.1  0.580
243.9  0.600
250.0  0.600
256.4  0.620
263.2  0.650
270.3  0.630
277.8  0.600
285.7  0.500
294.1  0.100
303.0  0.000
# 1 1  Herschel SPIRE 350um filter (L. Dunne, Feb 2009)
250.0 0.000 1 
270.3 0.000 1 
273.4 0.1000E-02 1 
275.0 0.1000E-02 1 
275.1 0.2000E-02 1 
276.4 0.2000E-02 1 
276.6 0.3000E-02 1 
278.1 0.3000E-02 1 
278.3 0.4000E-02 1 
278.5 0.4000E-02 1 
280.7 0.4000E-02 1 
280.9 0.6000E-02 1 
281.7 0.6000E-02 1 
281.9 0.6000E-02 1 
282.2 0.6000E-02 1 
282.4 0.6000E-02 1 
282.6 0.6000E-02 1 
282.8 0.7000E-02 1 
283.0 0.9000E-02 1 
283.3 0.9000E-02 1 
283.4 0.9000E-02 1 
283.7 0.9000E-02 1 
283.9 0.9000E-02 1 
284.2 0.9000E-02 1 
284.3 0.1000E-01 1 
284.6 0.1100E-01 1 
284.8 0.1100E-01 1 
285.1 0.1100E-01 1 
285.2 0.1100E-01 1 
285.5 0.1200E-01 1 
285.7 0.1400E-01 1 
286.0 0.1400E-01 1 
286.1 0.1400E-01 1 
286.4 0.1600E-01 1 
286.6 0.1600E-01 1 
286.9 0.1700E-01 1 
287.0 0.1900E-01 1 
287.3 0.1900E-01 1 
287.5 0.2000E-01 1 
287.8 0.2100E-01 1 
287.9 0.2200E-01 1 
288.2 0.2400E-01 1 
288.4 0.2600E-01 1 
288.7 0.2900E-01 1 
288.9 0.3000E-01 1 
289.1 0.3300E-01 1 
289.4 0.3500E-01 1 
289.6 0.3900E-01 1 
289.8 0.4100E-01 1 
290.0 0.4400E-01 1 
290.3 0.4900E-01 1 
290.5 0.5200E-01 1 
290.7 0.5500E-01 1 
291.0 0.5900E-01 1 
291.2 0.6300E-01 1 
291.5 0.6700E-01 1 
291.6 0.7100E-01 1 
291.9 0.7400E-01 1 
292.1 0.8000E-01 1 
292.4 0.8500E-01 1 
292.6 0.9000E-01 1 
292.8 0.9200E-01 1 
293.1 0.9700E-01 1 
293.3 0.1020 1 
293.5 0.1070 1 
293.8 0.1120 1 
294.0 0.1180 1 
294.3 0.1230 1 
294.5 0.1280 1 
294.7 0.1330 1 
295.0 0.1380 1 
295.2 0.1430 1 
295.4 0.1480 1 
295.7 0.1530 1 
295.9 0.1580 1 
296.2 0.1630 1 
296.4 0.1680 1 
296.6 0.1730 1 
296.9 0.1780 1 
297.2 0.1830 1 
297.4 0.1890 1 
297.6 0.1940 1 
297.9 0.1990 1 
298.2 0.2040 1 
298.3 0.2060 1 
298.6 0.2110 1 
298.9 0.2160 1 
299.1 0.2210 1 
299.3 0.2270 1 
299.6 0.2290 1 
299.9 0.2340 1 
300.1 0.2390 1 
300.3 0.2430 1 
300.6 0.2470 1 
300.8 0.2520 1 
301.1 0.2570 1 
301.3 0.2610 1 
301.6 0.2650 1 
301.8 0.2700 1 
302.1 0.2750 1 
302.3 0.2770 1 
302.6 0.2820 1 
302.8 0.2870 1 
303.0 0.2910 1 
303.3 0.2950 1 
303.6 0.3000 1 
303.9 0.3050 1 
304.0 0.3090 1 
304.3 0.3130 1 
304.6 0.3180 1 
304.9 0.3230 1 
305.1 0.3280 1 
305.3 0.3330 1 
305.6 0.3380 1 
305.9 0.3430 1 
306.1 0.3470 1 
306.4 0.3520 1 
306.7 0.3570 1 
306.9 0.3630 1 
307.1 0.3680 1 
307.4 0.3740 1 
307.7 0.3790 1 
308.0 0.3840 1 
308.2 0.3890 1 
308.5 0.3940 1 
308.7 0.3980 1 
309.0 0.4010 1 
309.2 0.4060 1 
309.5 0.4100 1 
309.8 0.4140 1 
310.1 0.4180 1 
310.3 0.4220 1 
310.6 0.4240 1 
310.8 0.4290 1 
311.1 0.4320 1 
311.3 0.4340 1 
311.6 0.4370 1 
311.9 0.4390 1 
312.2 0.4420 1 
312.4 0.4450 1 
312.7 0.4450 1 
313.0 0.4460 1 
313.3 0.4470 1 
313.5 0.4480 1 
313.8 0.4500 1 
314.1 0.4500 1 
314.4 0.4500 1 
314.6 0.4500 1 
314.9 0.4500 1 
315.2 0.4500 1 
315.5 0.4500 1 
315.7 0.4480 1 
316.0 0.4470 1 
316.3 0.4470 1 
316.6 0.4460 1 
316.8 0.4440 1 
317.1 0.4440 1 
317.4 0.4430 1 
317.7 0.4420 1 
317.9 0.4420 1 
318.2 0.4410 1 
318.5 0.4390 1 
318.8 0.4390 1 
319.0 0.4380 1 
319.3 0.4370 1 
319.6 0.4370 1 
319.9 0.4360 1 
320.1 0.4340 1 
320.4 0.4340 1 
320.7 0.4330 1 
321.0 0.4320 1 
321.2 0.4320 1 
321.5 0.4310 1 
321.9 0.4290 1 
322.2 0.4280 1 
322.4 0.4270 1 
322.7 0.4270 1 
323.0 0.4250 1 
323.3 0.4240 1 
323.5 0.4230 1 
323.8 0.4220 1 
324.1 0.4220 1 
324.5 0.4200 1 
324.7 0.4190 1 
325.0 0.4190 1 
325.3 0.4190 1 
325.6 0.4190 1 
325.8 0.4180 1 
326.2 0.4170 1 
326.5 0.4170 1 
326.8 0.4170 1 
327.0 0.4170 1 
327.3 0.4180 1 
327.7 0.4190 1 
327.9 0.4190 1 
328.2 0.4190 1 
328.5 0.4190 1 
328.8 0.4190 1 
329.1 0.4220 1 
329.4 0.4220 1 
329.7 0.4220 1 
330.0 0.4230 1 
330.3 0.4240 1 
330.6 0.4240 1 
330.9 0.4250 1 
331.2 0.4270 1 
331.5 0.4270 1 
331.8 0.4280 1 
332.1 0.4290 1 
332.4 0.4290 1 
332.7 0.4300 1 
333.0 0.4320 1 
333.3 0.4330 1 
333.7 0.4340 1 
333.9 0.4340 1 
334.2 0.4350 1 
334.6 0.4370 1 
334.9 0.4370 1 
335.1 0.4380 1 
335.5 0.4390 1 
335.8 0.4410 1 
336.1 0.4420 1 
336.4 0.4420 1 
336.7 0.4430 1 
337.0 0.4440 1 
337.4 0.4460 1 
337.6 0.4470 1 
338.0 0.4480 1 
338.3 0.4490 1 
338.6 0.4510 1 
338.9 0.4520 1 
339.2 0.4530 1 
339.6 0.4540 1 
339.9 0.4540 1 
340.1 0.4560 1 
340.5 0.4570 1 
340.8 0.4580 1 
341.2 0.4600 1 
341.4 0.4600 1 
341.8 0.4610 1 
342.1 0.4620 1 
342.5 0.4620 1 
342.7 0.4630 1 
343.1 0.4650 1 
343.4 0.4650 1 
343.8 0.4660 1 
344.0 0.4670 1 
344.4 0.4670 1 
344.7 0.4680 1 
345.1 0.4700 1 
345.3 0.4700 1 
345.7 0.4710 1 
346.0 0.4720 1 
346.4 0.4720 1 
346.6 0.4730 1 
347.0 0.4750 1 
347.3 0.4750 1 
347.7 0.4760 1 
347.9 0.4770 1 
348.3 0.4770 1 
348.7 0.4790 1 
349.0 0.4800 1 
349.3 0.4800 1 
349.7 0.4810 1 
350.0 0.4820 1 
350.4 0.4820 1 
350.6 0.4840 1 
351.0 0.4850 1 
351.4 0.4850 1 
351.7 0.4860 1 
352.0 0.4870 1 
352.4 0.4890 1 
352.7 0.4900 1 
353.1 0.4900 1 
353.4 0.4910 1 
353.7 0.4920 1 
354.1 0.4940 1 
354.5 0.4950 1 
354.7 0.4950 1 
355.1 0.4960 1 
355.5 0.4980 1 
355.9 0.4990 1 
356.1 0.5000 1 
356.5 0.5010 1 
356.9 0.5030 1 
357.1 0.5040 1 
357.5 0.5050 1 
357.9 0.5050 1 
358.3 0.5060 1 
358.6 0.5080 1 
358.9 0.5090 1 
359.3 0.5100 1 
359.7 0.5110 1 
360.0 0.5130 1 
360.4 0.5140 1 
360.8 0.5140 1 
361.1 0.5150 1 
361.4 0.5160 1 
361.8 0.5180 1 
362.2 0.5190 1 
362.6 0.5200 1 
362.8 0.5200 1 
363.2 0.5220 1 
363.6 0.5230 1 
364.0 0.5240 1 
364.3 0.5250 1 
364.7 0.5250 1 
365.1 0.5270 1 
365.5 0.5280 1 
365.8 0.5280 1 
366.2 0.5280 1 
366.6 0.5290 1 
367.0 0.5300 1 
367.2 0.5300 1 
367.6 0.5320 1 
368.1 0.5330 1 
368.5 0.5330 1 
368.7 0.5340 1 
369.1 0.5350 1 
369.5 0.5350 1 
370.0 0.5350 1 
370.2 0.5370 1 
370.6 0.5380 1 
371.1 0.5380 1 
371.5 0.5380 1 
371.7 0.5390 1 
372.2 0.5410 1 
372.6 0.5410 1 
373.0 0.5410 1 
373.3 0.5420 1 
373.7 0.5430 1 
374.1 0.5430 1 
374.5 0.5430 1 
374.8 0.5430 1 
375.2 0.5440 1 
375.7 0.5460 1 
376.1 0.5460 1 
376.4 0.5460 1 
376.8 0.5460 1 
377.2 0.5460 1 
377.6 0.5470 1 
377.9 0.5480 1 
378.4 0.5480 1 
378.8 0.5480 1 
379.2 0.5480 1 
379.5 0.5480 1 
379.9 0.5480 1 
380.4 0.5480 1 
380.8 0.5480 1 
381.1 0.5480 1 
381.5 0.5480 1 
382.0 0.5480 1 
382.4 0.5480 1 
382.7 0.5480 1 
383.1 0.5480 1 
383.6 0.5480 1 
384.0 0.5480 1 
384.3 0.5480 1 
384.8 0.5470 1 
385.2 0.5460 1 
385.7 0.5460 1 
386.0 0.5430 1 
386.4 0.5430 1 
386.8 0.5400 1 
387.3 0.5380 1 
387.6 0.5350 1 
388.0 0.5330 1 
388.5 0.5300 1 
389.0 0.5280 1 
389.3 0.5250 1 
389.7 0.5200 1 
390.2 0.5160 1 
390.6 0.5130 1 
390.9 0.5070 1 
391.4 0.5020 1 
391.8 0.4970 1 
392.2 0.4920 1 
392.6 0.4870 1 
393.1 0.4820 1 
393.5 0.4750 1 
393.9 0.4690 1 
394.3 0.4630 1 
394.8 0.4570 1 
395.3 0.4500 1 
395.6 0.4440 1 
396.0 0.4360 1 
396.5 0.4300 1 
397.0 0.4210 1 
397.3 0.4140 1 
397.8 0.4060 1 
398.2 0.3980 1 
398.7 0.3900 1 
399.0 0.3810 1 
399.5 0.3730 1 
400.0 0.3630 1 
400.5 0.3550 1 
400.8 0.3450 1 
401.3 0.3350 1 
401.8 0.3270 1 
402.3 0.3170 1 
402.6 0.3070 1 
403.1 0.2980 1 
403.6 0.2880 1 
404.0 0.2790 1 
404.4 0.2690 1 
404.9 0.2590 1 
405.4 0.2500 1 
405.8 0.2400 1 
406.2 0.2300 1 
406.7 0.2200 1 
407.2 0.2110 1 
407.7 0.2010 1 
408.0 0.1900 1 
408.5 0.1800 1 
409.0 0.1690 1 
409.5 0.1600 1 
409.8 0.1500 1 
410.3 0.1380 1 
410.8 0.1270 1 
411.4 0.1140 1 
411.7 0.1020 1 
412.2 0.8600E-01 1 
412.7 0.7300E-01 1 
413.2 0.6000E-01 1 
413.6 0.4800E-01 1 
414.1 0.4100E-01 1 
414.6 0.3300E-01 1 
415.1 0.2700E-01 1 
415.5 0.2200E-01 1 
416.0 0.1800E-01 1 
416.5 0.1500E-01 1 
417.0 0.1300E-01 1 
417.4 0.1000E-01 1 
417.9 0.9000E-02 1 
418.4 0.8000E-02 1 
418.9 0.5000E-02 1 
419.3 0.5000E-02 1 
419.8 0.4000E-02 1 
420.3 0.3000E-02 1 
420.9 0.3000E-02 1 
421.2 0.3000E-02 1 
421.8 0.2000E-02 1 
422.3 0.000 1 
500.0 0.000 1 
# 1 1  Herschel SPIRE 500um filter (L. Dunne, Feb 2009)
370.4 0.000 1 
381.4 0.000 1 
381.7 0.000 1 
382.1 0.1000E-02 1 
382.6 0.1000E-02 1 
382.8 0.1000E-02 1 
383.3 0.1000E-02 1 
383.7 0.1000E-02 1 
384.0 0.1000E-02 1 
384.5 0.1000E-02 1 
384.9 0.2000E-02 1 
385.2 0.2000E-02 1 
385.7 0.2000E-02 1 
391.7 0.2000E-02 1 
392.0 0.3000E-02 1 
392.5 0.3000E-02 1 
392.9 0.3000E-02 1 
393.2 0.4000E-02 1 
395.4 0.4000E-02 1 
395.7 0.5000E-02 1 
396.2 0.6000E-02 1 
396.7 0.6000E-02 1 
397.0 0.6000E-02 1 
397.5 0.7000E-02 1 
397.9 0.8000E-02 1 
398.2 0.9000E-02 1 
398.7 0.1000E-01 1 
399.2 0.1200E-01 1 
399.5 0.1300E-01 1 
400.0 0.1400E-01 1 
400.5 0.1600E-01 1 
400.8 0.1900E-01 1 
401.3 0.2300E-01 1 
401.8 0.2700E-01 1 
402.1 0.3300E-01 1 
402.6 0.4300E-01 1 
403.1 0.5600E-01 1 
403.6 0.7100E-01 1 
403.9 0.8600E-01 1 
404.4 0.9900E-01 1 
404.9 0.1120 1 
405.2 0.1230 1 
405.7 0.1370 1 
406.2 0.1500 1 
406.7 0.1640 1 
407.0 0.1770 1 
407.5 0.1910 1 
408.0 0.2040 1 
408.3 0.2180 1 
408.8 0.2310 1 
409.3 0.2460 1 
409.8 0.2580 1 
410.2 0.2720 1 
410.7 0.2830 1 
411.2 0.2970 1 
411.5 0.3080 1 
412.0 0.3210 1 
412.5 0.3330 1 
413.1 0.3460 1 
413.4 0.3580 1 
413.9 0.3700 1 
414.4 0.3820 1 
414.8 0.3950 1 
415.3 0.4060 1 
415.8 0.4190 1 
416.3 0.4310 1 
416.7 0.4450 1 
417.2 0.4580 1 
417.7 0.4740 1 
418.1 0.4870 1 
418.6 0.5020 1 
419.1 0.5130 1 
419.6 0.5240 1 
420.0 0.5320 1 
420.5 0.5390 1 
421.1 0.5450 1 
421.4 0.5510 1 
421.9 0.5570 1 
422.5 0.5610 1 
422.8 0.5650 1 
423.4 0.5680 1 
423.9 0.5720 1 
424.3 0.5740 1 
424.8 0.5770 1 
425.4 0.5790 1 
425.7 0.5810 1 
426.3 0.5830 1 
426.8 0.5840 1 
427.2 0.5860 1 
427.7 0.5870 1 
428.3 0.5880 1 
428.6 0.5890 1 
429.2 0.5900 1 
429.7 0.5910 1 
430.1 0.5920 1 
430.7 0.5930 1 
431.2 0.5930 1 
431.6 0.5940 1 
432.2 0.5950 1 
432.7 0.5950 1 
433.1 0.5950 1 
433.7 0.5960 1 
434.2 0.5970 1 
434.6 0.5970 1 
435.2 0.5970 1 
435.7 0.5970 1 
436.1 0.5980 1 
436.7 0.5990 1 
437.3 0.5990 1 
437.6 0.5990 1 
438.2 0.5990 1 
438.8 0.5990 1 
439.2 0.5990 1 
439.8 0.5990 1 
440.3 0.5990 1 
440.7 0.6000 1 
441.3 0.6010 1 
441.9 0.6010 1 
442.3 0.6010 1 
442.9 0.6010 1 
443.5 0.6010 1 
443.9 0.6010 1 
444.4 0.6010 1 
445.0 0.6010 1 
445.4 0.6010 1 
446.0 0.6010 1 
446.6 0.6010 1 
447.0 0.6010 1 
447.6 0.6010 1 
448.2 0.5990 1 
448.6 0.5990 1 
449.2 0.5990 1 
449.8 0.5990 1 
450.2 0.5990 1 
450.9 0.5990 1 
451.5 0.5980 1 
451.9 0.5970 1 
452.5 0.5970 1 
452.9 0.5970 1 
453.5 0.5960 1 
454.1 0.5950 1 
454.5 0.5940 1 
455.2 0.5930 1 
455.8 0.5910 1 
456.2 0.5900 1 
456.8 0.5880 1 
457.5 0.5870 1 
457.9 0.5850 1 
458.5 0.5830 1 
459.1 0.5800 1 
459.6 0.5780 1 
460.2 0.5760 1 
460.8 0.5740 1 
461.3 0.5720 1 
461.9 0.5700 1 
462.5 0.5670 1 
463.0 0.5650 1 
463.6 0.5630 1 
464.3 0.5610 1 
464.7 0.5590 1 
465.3 0.5570 1 
465.8 0.5550 1 
466.4 0.5510 1 
467.1 0.5490 1 
467.5 0.5470 1 
468.2 0.5450 1 
468.8 0.5430 1 
469.3 0.5400 1 
469.9 0.5380 1 
470.6 0.5350 1 
471.0 0.5350 1 
471.7 0.5320 1 
472.4 0.5310 1 
472.8 0.5290 1 
473.5 0.5280 1 
474.2 0.5260 1 
474.6 0.5240 1 
475.3 0.5230 1 
476.0 0.5220 1 
476.4 0.5200 1 
477.1 0.5200 1 
477.8 0.5180 1 
478.2 0.5170 1 
478.9 0.5160 1 
479.4 0.5150 1 
480.1 0.5150 1 
480.8 0.5140 1 
481.2 0.5130 1 
481.9 0.5120 1 
482.6 0.5120 1 
483.1 0.5110 1 
483.8 0.5100 1 
484.5 0.5100 1 
485.0 0.5090 1 
485.7 0.5090 1 
486.4 0.5090 1 
486.9 0.5080 1 
487.6 0.5070 1 
488.3 0.5070 1 
488.8 0.5060 1 
489.5 0.5050 1 
490.2 0.5050 1 
490.7 0.5040 1 
491.4 0.5030 1 
492.1 0.5030 1 
492.6 0.5030 1 
493.3 0.5020 1 
494.1 0.5010 1 
494.6 0.5010 1 
495.3 0.5000 1 
496.0 0.4990 1 
496.5 0.4990 1 
497.3 0.4990 1 
498.0 0.4980 1 
498.5 0.4970 1 
499.3 0.4970 1 
499.8 0.4970 1 
500.5 0.4950 1 
501.3 0.4950 1 
501.8 0.4950 1 
502.5 0.4950 1 
503.3 0.4940 1 
503.8 0.4930 1 
504.5 0.4930 1 
505.3 0.4930 1 
505.8 0.4920 1 
506.6 0.4910 1 
507.4 0.4910 1 
507.9 0.4910 1 
508.6 0.4900 1 
509.4 0.4890 1 
509.9 0.4890 1 
510.7 0.4890 1 
511.5 0.4880 1 
512.0 0.4870 1 
512.8 0.4870 1 
513.6 0.4870 1 
514.1 0.4870 1 
514.9 0.4860 1 
515.7 0.4850 1 
516.3 0.4850 1 
517.1 0.4850 1 
517.9 0.4840 1 
518.4 0.4830 1 
519.2 0.4830 1 
520.0 0.4830 1 
520.6 0.4830 1 
521.4 0.4830 1 
522.2 0.4820 1 
522.7 0.4820 1 
523.6 0.4820 1 
524.4 0.4820 1 
524.9 0.4810 1 
525.8 0.4800 1 
526.3 0.4800 1 
527.1 0.4800 1 
528.0 0.4800 1 
528.5 0.4790 1 
529.4 0.4780 1 
530.2 0.4780 1 
530.8 0.4780 1 
531.6 0.4780 1 
532.5 0.4780 1 
533.0 0.4780 1 
533.9 0.4780 1 
534.8 0.4780 1 
535.3 0.4780 1 
536.2 0.4780 1 
537.1 0.4760 1 
537.6 0.4760 1 
538.5 0.4760 1 
539.4 0.4760 1 
540.0 0.4760 1 
540.8 0.4760 1 
541.7 0.4760 1 
542.3 0.4760 1 
543.2 0.4760 1 
544.1 0.4760 1 
544.7 0.4760 1 
545.6 0.4760 1 
546.4 0.4760 1 
547.0 0.4760 1 
547.9 0.4760 1 
548.8 0.4760 1 
549.5 0.4760 1 
550.4 0.4760 1 
551.3 0.4760 1 
551.9 0.4760 1 
552.8 0.4760 1 
553.7 0.4760 1 
554.3 0.4760 1 
555.2 0.4760 1 
556.2 0.4760 1 
556.8 0.4740 1 
557.7 0.4740 1 
558.3 0.4740 1 
559.3 0.4740 1 
560.2 0.4740 1 
560.9 0.4740 1 
561.8 0.4740 1 
562.7 0.4740 1 
563.4 0.4740 1 
564.3 0.4740 1 
565.3 0.4740 1 
565.9 0.4740 1 
566.9 0.4740 1 
567.9 0.4740 1 
568.5 0.4740 1 
569.5 0.4740 1 
570.5 0.4740 1 
571.1 0.4740 1 
572.1 0.4740 1 
573.1 0.4740 1 
573.7 0.4740 1 
574.7 0.4740 1 
575.7 0.4740 1 
576.4 0.4740 1 
577.4 0.4740 1 
578.4 0.4740 1 
579.0 0.4740 1 
580.0 0.4740 1 
581.1 0.4720 1 
581.7 0.4720 1 
582.8 0.4720 1 
583.8 0.4720 1 
584.5 0.4720 1 
585.5 0.4720 1 
586.5 0.4720 1 
587.2 0.4720 1 
588.2 0.4720 1 
589.3 0.4720 1 
590.0 0.4720 1 
591.0 0.4710 1 
592.1 0.4700 1 
592.8 0.4680 1 
593.8 0.4670 1 
594.9 0.4650 1 
595.6 0.4620 1 
596.7 0.4600 1 
597.4 0.4570 1 
598.4 0.4550 1 
599.5 0.4500 1 
600.2 0.4450 1 
601.3 0.4410 1 
602.4 0.4340 1 
603.1 0.4280 1 
604.2 0.4190 1 
605.3 0.4080 1 
606.1 0.3930 1 
607.2 0.3730 1 
607.9 0.3450 1 
609.0 0.3140 1 
609.8 0.2830 1 
610.9 0.2540 1 
611.6 0.2310 1 
612.7 0.2110 1 
613.5 0.1950 1 
614.6 0.1810 1 
615.8 0.1700 1 
616.5 0.1610 1 
617.7 0.1520 1 
618.8 0.1460 1 
619.6 0.1390 1 
620.7 0.1330 1 
621.5 0.1270 1 
622.7 0.1210 1 
623.8 0.1170 1 
624.6 0.1120 1 
625.8 0.1070 1 
627.0 0.1020 1 
627.7 0.9600E-01 1 
628.9 0.9200E-01 1 
630.1 0.8800E-01 1 
630.9 0.8300E-01 1 
632.1 0.7800E-01 1 
632.9 0.7300E-01 1 
634.1 0.6900E-01 1 
635.3 0.6400E-01 1 
636.1 0.6000E-01 1 
637.3 0.5600E-01 1 
638.6 0.5000E-01 1 
639.4 0.4600E-01 1 
640.6 0.4200E-01 1 
641.8 0.3900E-01 1 
642.7 0.3500E-01 1 
643.9 0.3200E-01 1 
645.2 0.2900E-01 1 
646.0 0.2600E-01 1 
647.2 0.2300E-01 1 
648.1 0.2100E-01 1 
649.4 0.1800E-01 1 
650.6 0.1600E-01 1 
651.5 0.1500E-01 1 
652.7 0.1300E-01 1 
654.0 0.1200E-01 1 
654.9 0.1100E-01 1 
656.2 0.1000E-01 1 
657.5 0.9000E-02 1 
658.3 0.8000E-02 1 
659.6 0.7000E-02 1 
660.9 0.6000E-02 1 
661.8 0.6000E-02 1 
663.1 0.6000E-02 1 
664.5 0.6000E-02 1 
665.3 0.6000E-02 1 
666.7 0.4000E-02 1 
668.0 0.4000E-02 1 
668.9 0.4000E-02 1 
670.2 0.4000E-02 1 
671.6 0.4000E-02 1 
672.5 0.4000E-02 1 
673.9 0.4000E-02 1 
675.2 0.4000E-02 1 
676.1 0.4000E-02 1 
677.5 0.4000E-02 1 
678.9 0.4000E-02 1 
679.8 0.3000E-02 1 
681.2 0.2000E-02 1 
682.6 0.2000E-02 1 
683.5 0.2000E-02 1 
684.9 0.2000E-02 1 
686.3 0.2000E-02 1 
687.3 0.2000E-02 1 
688.7 0.2000E-02 1 
689.7 0.1000E-02 1 
691.1 0.1000E-02 1 
692.5 0.2000E-02 1 
693.5 0.2000E-02 1 
694.9 0.2000E-02 1 
696.4 0.2000E-02 1 
697.4 0.1000E-02 1 
698.8 0.1000E-02 1 
700.3 0.1000E-02 1 
701.3 0.1000E-02 1 
702.7 0.2000E-02 1 
704.2 0.2000E-02 1 
705.2 0.1000E-02 1 
706.7 0.1000E-02 1 
708.2 0.000 1 
709.2 0.000 1 
710.7 0.000 1 
712.3 0.000 1 
713.3 0.000 1 
1000. 0.000 1 