5.1963839  0.1890731  0.0116420 
5.2263294  0.1969188  0.0171310 
5.2562749  0.1986883  0.0153060 
5.2862204  0.1973025  0.0113210 
5.3161758  0.1994749  0.0075140 
5.3461213  0.2034282  0.0102870 
5.3760668  0.2030185  0.0062110 
5.4060122  0.2071919  0.0082300 
5.4359577  0.2122794  0.0061720 
5.4659131  0.2078194  0.0112380 
5.4958586  0.2099094  0.0111130 
5.5258041  0.2072111  0.0066080 
5.5557496  0.2053208  0.0065570 
5.5856951  0.2197402  0.0102540 
5.6156505  0.2152193  0.0161390 
5.6455960  0.2175102  0.0113830 
5.6755414  0.2200381  0.0064950 
5.7054869  0.2178973  0.0073850 
5.7354324  0.2240230  0.0076540 
5.7653878  0.2246618  0.0069230 
5.7953333  0.2306476  0.0108900 
5.8252788  0.2291478  0.0069520 
5.8552243  0.2306171  0.0168640 
5.8851698  0.2321937  0.0205430 
5.9151252  0.2367135  0.0072440 
5.9450706  0.2387460  0.0070010 
5.9750161  0.2386749  0.0121850 
6.0049616  0.2369720  0.0051600 
6.0349071  0.2452329  0.0074710 
6.0648625  0.2430571  0.0062940 
6.0948080  0.2451810  0.0066880 
6.1247535  0.2456550  0.0146200 
6.1546990  0.2532129  0.0069690 
6.1846445  0.2496546  0.0068760 
6.2145998  0.2492652  0.0070950 
6.2445453  0.2501398  0.0074340 
6.2744908  0.2529330  0.0080110 
6.3044363  0.2579990  0.0099550 
6.3343818  0.2596817  0.0203170 
6.3643372  0.2628834  0.0131600 
6.3942827  0.2605394  0.0100080 
6.4242282  0.2593036  0.0107940 
6.4541737  0.2624207  0.0196470 
6.4841191  0.2700745  0.0188580 
6.5140745  0.2698307  0.0165420 
6.5440200  0.2715890  0.0116380 
6.5739655  0.2742094  0.0099230 
6.6039110  0.2811184  0.0122090 
6.6338565  0.2760783  0.0148130 
6.6638119  0.2783986  0.0155060 
6.6937574  0.2780928  0.0106940 
6.7237029  0.2798860  0.0079820 
6.7536483  0.2863447  0.0092810 
6.7835938  0.2909830  0.0095810 
6.8135492  0.2892496  0.0157260 
6.8434947  0.2894663  0.0083600 
6.8734402  0.2977193  0.0081400 
6.9033857  0.3003567  0.0096260 
6.9333312  0.3009515  0.0089860 
6.9632866  0.3194483  0.0131520 
6.9932321  0.3206807  0.0112970 
7.0231775  0.3125258  0.0084830 
7.0531230  0.3181843  0.0101290 
7.0830685  0.3212833  0.0132760 
7.1130239  0.3260255  0.0097250 
7.1429694  0.3262151  0.0128530 
7.1729149  0.3268978  0.0087790 
7.2028604  0.3308963  0.0104640 
7.2328059  0.3416705  0.0194820 
7.2627613  0.3355955  0.0103550 
7.2927067  0.3349963  0.0215510 
7.3226522  0.3415599  0.0136660 
7.3525977  0.3361045  0.0090530 
7.3825432  0.3352683  0.0096090 
7.4124986  0.3456926  0.0099450 
7.3825432  0.3427629  0.0066450 
7.4424441  0.3485208  0.0082640 
7.5023351  0.3456452  0.0098470 
7.5622260  0.3631885  0.0088850 
7.6221269  0.4136051  0.0170400 
7.6820179  0.3940847  0.0077590 
7.7419089  0.3661250  0.0171210 
7.8018097  0.3683279  0.0082290 
7.8617007  0.3757086  0.0090580 
7.9216016  0.3734345  0.0074030 
7.9814926  0.3769635  0.0092810 
8.0413836  0.3790886  0.0106320 
8.1012844  0.3786236  0.0086460 
8.1611754  0.3821559  0.0196870 
8.2210664  0.3878980  0.0128440 
8.2809673  0.3902702  0.0075820 
8.3408582  0.3908232  0.0072610 
8.4007492  0.3793820  0.0108340 
8.4606501  0.3833059  0.0093600 
8.5205411  0.3848791  0.0114210 
8.5804420  0.3844221  0.0163840 
8.6403329  0.3865449  0.0164820 
8.7002239  0.3842652  0.0164460 
8.7601248  0.3840305  0.0315670 
8.8200158  0.3815815  0.0283520 
8.8799067  0.3816831  0.0279120 
8.9398076  0.3878935  0.0126410 
8.9996986  0.3877005  0.0106070 
9.0595896  0.3786687  0.0104410 
9.1194904  0.3768224  0.0105660 
9.1793814  0.3717711  0.0079930 
9.2392823  0.3714585  0.0098720 
9.2991733  0.3759219  0.0078040 
9.3590643  0.3799000  0.0086120 
9.4189651  0.3798029  0.0092870 
9.4788561  0.3861431  0.0098180 
9.5387471  0.3812012  0.0084360 
9.5986480  0.3863090  0.0242600 
9.6585389  0.3870538  0.0093360 
9.7184299  0.3902578  0.0103510 
9.7783308  0.3895852  0.0107500 
9.8382218  0.3939571  0.0160720 
9.8981227  0.3924833  0.0082160 
9.9580136  0.4079421  0.0153250 
10.0179046  0.4243985  0.0279940 
10.0778055  0.4248499  0.0250720 
10.1376965  0.4326640  0.0105230 
10.1975874  0.4426144  0.0103980 
10.2574883  0.4558082  0.0316570 
10.3173793  0.4689072  0.0287860 
10.3772703  0.4775462  0.0115290 
10.4371712  0.5013766  0.0185900 
10.4970621  0.5256347  0.0078060 
10.5569630  0.5170905  0.0246450 
10.6168540  0.5201127  0.0143590 
10.6767450  0.5280092  0.0189050 
10.7366458  0.5365545  0.0125590 
10.7965368  0.5448674  0.0313560 
10.8564278  0.5540560  0.0209300 
10.9163287  0.5579641  0.0129190 
10.9762196  0.5714051  0.0267680 
11.0361106  0.5774078  0.0276790 
11.0960115  0.5877961  0.0307090 
11.1559025  0.6096504  0.0298460 
11.2158034  0.6316457  0.0134160 
11.2756943  0.6329221  0.0170170 
11.3355853  0.6433093  0.0136830 
11.3954862  0.6609134  0.0265040 
11.4553772  0.6701382  0.0328990 
11.5152681  0.6810377  0.0363250 
11.5751690  0.6874489  0.0248720 
11.6350600  0.7000164  0.0153080 
11.6949510  0.7085730  0.0202700 
11.7548519  0.7048556  0.0178560 
11.8147428  0.7218910  0.0192620 
11.8746437  0.7392367  0.0189070 
11.9345347  0.7524373  0.0195560 
11.9944257  0.7598203  0.0309020 
12.0543265  0.7694784  0.0158990 
12.1142175  0.7819183  0.0501730 
12.1741085  0.7900856  0.0465940 
12.2340094  0.7994977  0.0200430 
12.2939004  0.8104728  0.0184370 
12.3537913  0.8179359  0.0317040 
12.4136922  0.8182473  0.0164420 
12.4735832  0.8280375  0.0154910 
12.5334841  0.8411331  0.0218600 
12.5933750  0.8477295  0.0281220 
12.6532660  0.8503420  0.0192180 
12.7131669  0.8764588  0.0159220 
12.7730579  0.9358429  0.0261830 
12.8329488  0.9262006  0.0268120 
12.8928497  0.8794890  0.0169400 
12.9527407  0.8803783  0.0163070 
13.0126317  0.8924492  0.0393910 
13.0725326  0.9069431  0.0366800 
13.1324235  0.9087330  0.0200330 
13.1923145  0.9101301  0.0168990 
13.2522154  0.9156656  0.0215460 
13.3121064  0.9191765  0.0185650 
13.3720072  0.9260087  0.0273840 
13.4318982  0.9325633  0.0174990 
13.4917892  0.9472423  0.0194590 
13.5516901  0.9562436  0.0205740 
13.6115811  0.9668034  0.0210130 
13.6714720  0.9734551  0.0282880 
13.7313729  0.9857449  0.0207890 
13.7912639  0.9840465  0.0284640 
13.8511549  1.0048320  0.0163640 
13.9323265  1.0048320  0.0175640 
14.0161818  1.0094930  0.0156460 
14.1000371  1.0217920  0.0212580 
14.1838825  1.0293800  0.0145020 
14.2677378  1.1076170  0.0379200 
14.3515931  1.1246930  0.0147950 
14.4354385  1.0751720  0.0401010 
14.5192938  1.0692700  0.0468170 
14.6031491  1.0868910  0.0368770 
14.6870043  1.1113310  0.0318720 
14.7708497  1.1189910  0.0239570 
14.8547050  1.1258440  0.0100210 
14.9385603  1.1265130  0.0104710 
15.0224057  1.1401680  0.0097540 
15.1062610  1.1596490  0.0110050 
15.1901163  1.1681080  0.0137680 
15.2739617  1.1769290  0.0096910 
15.3578169  1.1758130  0.0179740 
15.4416722  1.2154590  0.0446540 
15.5255176  1.2855780  0.0097170 
15.6093729  1.2606670  0.0131470 
15.6932282  1.2339840  0.0135910 
15.7770736  1.2255540  0.0148500 
15.8609289  1.2360360  0.0107320 
15.9447852  1.2350630  0.0187640 
16.0286385  1.2485110  0.0200610 
16.1124848  1.2622690  0.0252360 
16.1963411  1.2630440  0.0132590 
16.2801954  1.2829150  0.0128830 
16.3640418  1.3000920  0.0117380 
16.4478951  1.3167790  0.0240940 
16.5317514  1.3184030  0.0432900 
16.6155978  1.3221270  0.0494370 
16.6994511  1.3365890  0.0776910 
16.7833073  1.3624740  0.0171560 
16.8671517  1.3652360  0.0152050 
16.9510080  1.3775450  0.0351040 
17.0348633  1.3985710  0.0191110 
17.1187077  1.3843740  0.0145110 
17.2025640  1.4015660  0.0143510 
17.2864193  1.4157550  0.0198580 
17.3702736  1.4186160  0.0143850 
17.4541200  1.4144260  0.0201110 
17.5379762  1.4427030  0.0159970 
17.6218295  1.4465420  0.0190700 
17.7056759  1.4508750  0.0358020 
17.7895322  1.4735600  0.0305850 
17.8733865  1.4732500  0.0205800 
17.9572329  1.4828840  0.0181540 
18.0410862  1.4996240  0.0167680 
18.1249425  1.4831300  0.0257280 
18.2087888  1.5019710  0.0303610 
18.2926421  1.5156350  0.0182810 
18.3764984  1.5107540  0.0271900 
18.4603428  1.5218170  0.0179610 
18.5441991  1.5272430  0.0227850 
18.6280544  1.5595380  0.0228720 
18.7119107  1.5984550  0.0195320 
18.7957551  1.5315560  0.0501100 
18.8796104  1.5189200  0.0283460 
18.9634647  1.5594120  0.0439750 
19.0473110  1.5677300  0.0273200 
19.1311673  1.5891910  0.0259260 
19.2150206  1.6028180  0.0403720 
19.2988670  1.5933130  0.0315050 
19.3827233  1.6036820  0.0838290 
19.4665776  1.6106710  0.1246930 
19.5504239  1.6202240  0.0876410 
19.6342773  1.6024790  0.0282710 
19.7181335  1.6314590  0.0374890 
19.8019799  1.6541630  0.0344980 
19.8858332  1.6555150  0.0319810 
19.9696895  1.6637210  0.0330990 
20.0535458  1.6519520  0.0686610 
20.1373902  1.6518360  0.0740830 
20.2212455  1.6788490  0.0361550 
20.3051017  1.6772390  0.0315290 
20.3889461  1.6380350  0.0244650 
20.5566557  1.6763320  0.0369630 
20.7243584  1.6787450  0.0139540 
20.8920581  1.7111610  0.0350510 
21.0597686  1.7017950  0.0229630 
21.2274683  1.7358800  0.0194110 
21.3951799  1.7463170  0.0215020 
21.5628806  1.7499950  0.0321590 
21.7305813  1.7622390  0.0188350 
21.8982928  1.7715290  0.0166210 
22.0659925  1.7877370  0.0648260 
22.2336932  1.8084220  0.0421720 
22.4014028  1.8190660  0.0189740 
22.5691054  1.8291310  0.0228890 
22.7368150  1.8338980  0.0251300 
22.9045157  1.8482690  0.0205140 
23.0722154  1.8381550  0.0726770 
23.2399279  1.8528800  0.0390120 
23.4076276  1.8577670  0.0236220 
23.5753283  1.8525970  0.0135060 
23.7430379  1.8677750  0.0371500 
23.9107405  1.9130320  0.0226240 
24.0784501  1.9086210  0.0183240 
24.2461508  1.8957500  0.0581560 
24.4138505  1.9096430  0.0127440 
24.5815621  1.9054170  0.0492240 
24.7492627  1.9139250  0.0190120 
24.9169634  1.9044390  0.0151370 
25.0846750  1.8713420  0.0223040 
25.2523757  1.9036290  0.0245600 
25.4200852  1.9198970  0.0143720 
25.5877849  1.9305980  0.0153930 
25.7554856  2.1202020  0.0288930 
25.9231972  2.1102200  0.0248300 
26.0908978  1.9593270  0.0568690 
26.2585985  1.9103490  0.0167500 
26.4263101  1.9619250  0.0191780 
26.5940098  2.0026230  0.0207050 
26.7617204  1.9946770  0.0376990 
26.9294200  1.9982420  0.0219960 
27.0971227  1.9792350  0.0163730 
27.2648323  2.0009950  0.0492010 
27.4325330  1.9942910  0.0217960 
27.6002326  1.9987690  0.0223170 
27.7679442  2.0117620  0.0205060 
27.9356449  2.0352980  0.0309890 
28.1033545  2.0342350  0.0312140 
28.2710571  2.0342280  0.0170960 
28.4387578  2.0324460  0.0169690 
28.6064674  2.0285270  0.0385510 
28.7741671  2.0305190  0.0244140 
28.9418678  2.0153970  0.0211890 
29.1095793  2.0429470  0.0371770 
29.2772800  2.0334910  0.0191440 
29.4449896  2.0343030  0.0239650 
29.6126922  2.0506080  0.0198780 
29.7803919  2.0297500  0.0197840 
29.9481025  2.0294680  0.0341750 
30.1158022  2.0555330  0.0322920 
30.2835048  2.0583200  0.1056080 
30.4512144  2.0750910  0.0294240 
30.6189151  2.0823670  0.0282280 
30.7866267  2.0665810  0.0256530 
30.9543264  2.0640890  0.0259430 
31.1220270  2.0665150  0.0461960 
31.2897366  2.0722220  0.0251020 
31.4574393  2.0865980  0.0510360 
31.6251400  2.0811130  0.0405610 
31.7928496  2.0759290  0.0264760 
31.9605492  2.0841600  0.0285630 
32.1282618  2.1246310  0.0428680 
32.2959615  2.1265500  0.0652310 
32.4636622  2.1410800  0.0451990 
32.6313737  2.1465660  0.0325640 
32.7990744  2.1593850  0.0346300 
32.9667741  2.2095880  0.0361950 
33.1344857  2.1699900  0.0654490 
33.3021863  2.1884980  0.1129060 
33.4698939  2.2759900  0.0476400 
33.6375946  2.2130680  0.0562760 
33.8052992  2.1772900  0.0875020 
33.9730069  2.2183950  0.0671610 
34.1407075  2.2243070  0.0434480 
34.3084072  2.1710310  0.0605550 
34.4761188  2.1793250  0.0458360 
34.6438195  2.2662040  0.0609100 
34.8115310  2.2253200  0.0643180 
34.9792317  2.0713780  0.0709820 
35.1469314  2.1951580  0.0750080 
35.3146439  2.1732170  0.0717160 
35.4823436  2.0938900  0.0727690 
35.6500443  2.2021020  0.1022780 
35.8177559  2.1086910  0.0916150 
35.9854566  2.0823110  0.0914500 
36.1531681  2.0427100  0.1038570 
36.3208688  2.0380630  0.0772010 
36.4885685  2.0064170  0.1285550 
36.6562761  1.9720950  0.0871810 
36.8239768  2.0701690  0.1170830 
36.9916814  1.9187280  0.1652410 
