5.1986229  0.0493184  0.0034250 
5.2285813  0.0508209  0.0034020 
5.2585397  0.0556033  0.0031430 
5.2884981  0.0520743  0.0032370 
5.3184664  0.0538223  0.0025580 
5.3484248  0.0573701  0.0027590 
5.3783832  0.0542165  0.0025410 
5.4083416  0.0575885  0.0022510 
5.4383000  0.0599101  0.0025620 
5.4682683  0.0587050  0.0054960 
5.4982267  0.0633139  0.0023860 
5.5281851  0.0588726  0.0020560 
5.5581435  0.0598865  0.0051210 
5.5881018  0.0683596  0.0023480 
5.6180701  0.0659766  0.0018540 
5.6480285  0.0582624  0.0018320 
5.6779869  0.0614267  0.0022510 
5.7079453  0.0607563  0.0025720 
5.7379037  0.0601520  0.0020870 
5.7678720  0.0610136  0.0024550 
5.7978304  0.0631086  0.0021600 
5.8277888  0.0644187  0.0032860 
5.8577472  0.0640528  0.0025910 
5.8877056  0.0659105  0.0033690 
5.9176739  0.0669704  0.0030470 
5.9476323  0.0677081  0.0023510 
5.9775906  0.0689568  0.0047080 
6.0075490  0.0702267  0.0024460 
6.0375074  0.0724940  0.0031970 
6.0674757  0.0722721  0.0041170 
6.0974341  0.0738324  0.0030500 
6.1273925  0.0742148  0.0040230 
6.1573509  0.0763169  0.0023770 
6.1873093  0.0767158  0.0037650 
6.2172776  0.0766261  0.0065150 
6.2472360  0.0782561  0.0025740 
6.2771944  0.0776671  0.0048110 
6.3071528  0.0778323  0.0027550 
6.3371112  0.0786597  0.0044190 
6.3670795  0.0780389  0.0043560 
6.3970378  0.0770852  0.0025230 
6.4269962  0.0774735  0.0022580 
6.4569546  0.0787411  0.0027750 
6.4869130  0.0787813  0.0027820 
6.5168813  0.0795992  0.0025680 
6.5468397  0.0811052  0.0029960 
6.5767981  0.0815313  0.0035980 
6.6067565  0.0845964  0.0039410 
6.6367149  0.0854391  0.0035180 
6.6666832  0.0856905  0.0036640 
6.6966416  0.0851582  0.0037550 
6.7266000  0.0852467  0.0031190 
6.7565584  0.0860588  0.0034930 
6.7865167  0.0889575  0.0043770 
6.8164850  0.0899560  0.0071060 
6.8464434  0.0907220  0.0043920 
6.8764018  0.0958915  0.0046480 
6.9063602  0.0979050  0.0032440 
6.9363186  0.0949922  0.0035460 
6.9662869  0.1048190  0.0047150 
6.9962453  0.1006621  0.0037660 
7.0262037  0.0963082  0.0052000 
7.0561621  0.1000685  0.0041550 
7.0861205  0.1035420  0.0041490 
7.1160888  0.1022968  0.0029890 
7.1460472  0.1046432  0.0040720 
7.1760055  0.1054882  0.0047350 
7.2059639  0.1064006  0.0048510 
7.2359223  0.1063132  0.0055670 
7.2658906  0.1071028  0.0053830 
7.2958490  0.1104678  0.0060290 
7.3258074  0.1118852  0.0052720 
7.3557658  0.1132083  0.0047760 
7.3857242  0.1128708  0.0040950 
7.4156925  0.1163112  0.0054490 
7.3857242  0.1081710  0.0036650 
7.4456509  0.1119301  0.0042720 
7.5055677  0.1159017  0.0048420 
7.5654844  0.1291808  0.0091150 
7.6254111  0.1910737  0.0060360 
7.6853279  0.1513650  0.0033820 
7.7452447  0.1231827  0.0033400 
7.8051714  0.1306278  0.0042260 
7.8650882  0.1325729  0.0047710 
7.9250149  0.1308792  0.0045380 
7.9849316  0.1315449  0.0025050 
8.0448484  0.1294263  0.0023790 
8.1047751  0.1275733  0.0032430 
8.1646919  0.1292599  0.0046960 
8.2246087  0.1300813  0.0038730 
8.2845354  0.1321220  0.0032390 
8.3444521  0.1343067  0.0084180 
8.4043689  0.1346183  0.0088190 
8.4642956  0.1341367  0.0083260 
8.5242124  0.1363804  0.0024780 
8.5841391  0.1384860  0.0031480 
8.6440559  0.1388058  0.0023930 
8.7039727  0.1379702  0.0025170 
8.7638993  0.1385344  0.0020680 
8.8238161  0.1372408  0.0023090 
8.8837329  0.1391611  0.0025160 
8.9436596  0.1519858  0.0078840 
9.0035764  0.1582766  0.0053420 
9.0634932  0.1451368  0.0045450 
9.1234199  0.1428777  0.0054920 
9.1833366  0.1479304  0.0042860 
9.2432633  0.1452182  0.0022990 
9.3031801  0.1482904  0.0029680 
9.3630969  0.1507749  0.0024240 
9.4230236  0.1542932  0.0029300 
9.4829404  0.1670400  0.0025930 
9.5428571  0.1663744  0.0035970 
9.6027838  0.1698597  0.0027560 
9.6627006  0.1757067  0.0027410 
9.7226174  0.1733226  0.0049780 
9.7825441  0.1718260  0.0033250 
9.8424609  0.1743848  0.0031310 
9.9023876  0.1768516  0.0064910 
9.9623043  0.1816741  0.0029070 
10.0222211  0.1883579  0.0077460 
10.0821478  0.1907952  0.0026800 
10.1420646  0.1950181  0.0038830 
10.2019814  0.1990889  0.0037830 
10.2619081  0.2025010  0.0032590 
10.3218248  0.2062873  0.0057510 
10.3817416  0.2117483  0.0225180 
10.4416683  0.2856150  0.0045090 
10.5015851  0.3416302  0.0116300 
10.5615118  0.2566962  0.0056930 
10.6214286  0.2236289  0.0054730 
10.6813454  0.2344141  0.0037730 
10.7412720  0.2345180  0.0039750 
10.8011888  0.2380198  0.0041220 
10.8611056  0.2400923  0.0032160 
10.9210323  0.2441300  0.0030030 
10.9809491  0.2535402  0.0050380 
11.0408659  0.2545340  0.0042680 
11.1007926  0.2630319  0.0045820 
11.1607093  0.2797999  0.0067270 
11.2206360  0.2971119  0.0063870 
11.2805528  0.2946180  0.0042340 
11.3404696  0.2920321  0.0041300 
11.4003963  0.2907031  0.0040980 
11.4603131  0.2916414  0.0044310 
11.5202298  0.2928689  0.0060680 
11.5801565  0.2966894  0.0086270 
11.6400733  0.2977493  0.0038710 
11.6999901  0.2971816  0.0045680 
11.7599168  0.2972323  0.0060220 
11.8198336  0.3044142  0.0041150 
11.8797603  0.3106967  0.0116190 
11.9396770  0.3170359  0.0061730 
11.9995938  0.3178491  0.0037810 
12.0595205  0.3222562  0.0041180 
12.1194373  0.3261003  0.0036750 
12.1793541  0.3314941  0.0133490 
12.2392808  0.3444027  0.0042630 
12.2991975  0.3460586  0.0052690 
12.3591143  0.3453752  0.0070200 
12.4190410  0.3445360  0.0039990 
12.4789578  0.3487200  0.0049970 
12.5388845  0.3564826  0.0099670 
12.5988013  0.3620251  0.0057960 
12.6587181  0.3657276  0.0048720 
12.7186447  0.3854474  0.0058910 
12.7785615  0.4225489  0.0055670 
12.8384783  0.4101538  0.0061880 
12.8984050  0.3754069  0.0065520 
12.9583218  0.3745548  0.0061930 
13.0182386  0.3801646  0.0061910 
13.0781652  0.3875849  0.0063060 
13.1380820  0.3877643  0.0052460 
13.1979988  0.3829748  0.0060410 
13.2579255  0.3869534  0.0065700 
13.3178423  0.3891239  0.0058020 
13.3777690  0.3930259  0.0059120 
13.4376858  0.3999564  0.0101090 
13.4976025  0.4066532  0.0058650 
13.5575292  0.4102648  0.0065690 
13.6174460  0.4136864  0.0076720 
13.6773628  0.4187768  0.0070530 
13.7372895  0.4253580  0.0058460 
13.7972063  0.4281753  0.0065480 
13.8571230  0.4329140  0.0066990 
13.9383297  0.4329140  0.0068500 
14.0222211  0.4419180  0.0080810 
14.1061125  0.4553840  0.0075690 
14.1899941  0.4704370  0.0128130 
14.2738855  0.5945830  0.0067920 
14.3577769  0.5813450  0.0144380 
14.4416584  0.4870110  0.0065270 
14.5255498  0.4844720  0.0068880 
14.6094413  0.4877440  0.0070970 
14.6933327  0.4902390  0.0045770 
14.7772142  0.5053500  0.0310300 
14.8611056  0.4989820  0.0073200 
14.9449970  0.5030100  0.0049530 
15.0288785  0.5083260  0.0071220 
15.1127700  0.5215590  0.0051840 
15.1966614  0.5238150  0.0371400 
15.2805429  0.5317490  0.0137910 
15.3644343  0.5391840  0.0644760 
15.4483257  0.6601190  0.0066830 
15.5322073  0.7532630  0.0088050 
15.6160987  0.6476590  0.0105030 
15.6999901  0.5667840  0.0058240 
15.7838716  0.5761540  0.0101500 
15.8677630  0.5823120  0.0072050 
15.9516554  0.5883090  0.0051940 
16.0355449  0.5951580  0.0056540 
16.1194274  0.6006870  0.0073060 
16.2033198  0.6131240  0.0072160 
16.2872102  0.6292530  0.0074000 
16.3710927  0.6382010  0.0053040 
16.4549822  0.6509550  0.0225620 
16.5388746  0.6507470  0.0110170 
16.6227571  0.6547720  0.0084930 
16.7066465  0.6747740  0.0115030 
16.7905389  0.6769830  0.0141700 
16.8744195  0.6919960  0.0121930 
16.9583119  0.7353850  0.0101960 
17.0422033  0.7232930  0.0246580 
17.1260838  0.7046120  0.0150770 
17.2099762  0.7085290  0.0469070 
17.2938676  0.7093320  0.0162840 
17.3777581  0.7079670  0.0161700 
17.4616406  0.7122240  0.0088070 
17.5455330  0.7255350  0.0135270 
17.6294224  0.7217310  0.0098580 
17.7133049  0.7237370  0.0091310 
17.7971973  0.7401380  0.0134140 
17.8810878  0.7347380  0.0140700 
17.9649703  0.7373250  0.0081710 
18.0488597  0.7411840  0.0102930 
18.1327521  0.7452740  0.0107300 
18.2166346  0.7413970  0.0106050 
18.3005241  0.7467300  0.0180140 
18.3844165  0.7498940  0.0152160 
18.4682970  0.7398130  0.0121600 
18.5521894  0.7424690  0.0158200 
18.6360808  0.8361530  0.0172300 
18.7199733  0.8696550  0.0172860 
18.8038538  0.7795270  0.0237930 
18.8877452  0.7606000  0.0218320 
18.9716356  0.7518520  0.0173220 
19.0555181  0.7656140  0.0094670 
19.1394105  0.7554500  0.0144610 
19.2233000  0.7255370  0.0268240 
19.3071825  0.7583210  0.0146970 
19.3910749  0.7659250  0.0108900 
19.4749653  0.7844710  0.0112440 
19.5588478  0.7773290  0.0195750 
19.6427373  0.7864210  0.0098160 
19.7266297  0.7909060  0.0172400 
19.8105122  0.8064040  0.0133660 
19.8944016  0.8158250  0.0117270 
19.9782940  0.8153870  0.0136620 
20.0621864  0.8009840  0.0124470 
20.1460670  0.7911280  0.0753720 
20.2299584  0.7890730  0.0877490 
20.3138508  0.8233050  0.0111250 
20.3977313  0.7994070  0.0157360 
20.5655132  0.8075230  0.0116680 
20.7332881  0.8299150  0.0118650 
20.9010600  0.8161770  0.0197050 
21.0688429  0.8387790  0.0106370 
21.2366148  0.8415610  0.0086230 
21.4043987  0.8363940  0.0174730 
21.5721716  0.8514690  0.0190040 
21.7399445  0.8741400  0.0117410 
21.9077284  0.8733360  0.0158600 
22.0755003  0.8716290  0.0167420 
22.2432732  0.8804140  0.0812210 
22.4110551  0.8857070  0.0409260 
22.5788300  0.8913770  0.0101260 
22.7466118  0.9057080  0.0096990 
22.9143848  0.9091420  0.0081490 
23.0821567  0.9082890  0.0110520 
23.2499415  0.9013990  0.0225910 
23.4177135  0.9092720  0.0192100 
23.5854864  0.9100890  0.0168220 
23.7532683  0.9196750  0.0138490 
23.9210432  0.9343500  0.0167540 
24.0888250  0.9749500  0.0145880 
24.2565980  1.0394350  0.0091410 
24.4243699  1.0619670  0.0193130 
24.5921538  0.9550300  0.0083440 
24.7599267  0.9537010  0.0126850 
24.9276996  0.9306980  0.0066050 
25.0954835  0.9467010  0.0131420 
25.2632564  0.9861830  0.0150790 
25.4310382  0.9599680  0.0168750 
25.5988102  0.9918490  0.0212470 
25.7665831  1.5890020  0.0305150 
25.9343670  1.6078600  0.0140410 
26.1021399  1.0515320  0.0089340 
26.2699128  0.9652440  0.0159420 
26.4376967  1.0075140  0.0237870 
26.6054686  1.0243430  0.0144190 
26.7732514  1.0190810  0.0150820 
26.9410234  1.0048010  0.0104600 
27.1087983  1.0092740  0.0171540 
27.2765801  1.0394690  0.0199830 
27.4443531  1.0592300  0.0121370 
27.6121250  1.0443960  0.0121650 
27.7799089  1.0403590  0.0183000 
27.9476818  1.0509810  0.0141630 
28.1154636  1.0666610  0.0170910 
28.2832386  1.0773270  0.0163180 
28.4510115  1.0765220  0.0152450 
28.6187933  1.0820750  0.0249210 
28.7865653  1.0878790  0.0141310 
28.9543382  1.0757600  0.0169550 
29.1221221  1.0936610  0.0208530 
29.2898950  1.0734700  0.0090970 
29.4576768  1.0865490  0.0137370 
29.6254518  1.1154760  0.0165130 
29.7932237  1.1164020  0.0145190 
29.9610065  1.1242450  0.0097220 
30.1287785  1.1176910  0.0089000 
30.2965534  1.1069870  0.0149730 
30.4643352  1.1579310  0.0170500 
30.6321082  1.1571140  0.0175960 
30.7998920  1.1439860  0.0245760 
30.9676640  1.1489580  0.0139970 
31.1354369  1.1569870  0.0135400 
31.3032187  1.1642970  0.0143160 
31.4709937  1.1757450  0.0262070 
31.6387666  1.1939620  0.0222870 
31.8065484  1.1959010  0.0215810 
31.9743204  1.2021890  0.0128310 
32.1421052  1.2180490  0.0244740 
32.3098772  1.2309970  0.0145140 
32.4776501  1.2521220  0.0138180 
32.6454339  1.2802620  0.0236760 
32.8132069  1.2701180  0.0274650 
32.9809788  1.2689240  0.0260190 
33.1487626  1.2924650  0.0398670 
33.3165356  1.3812260  0.0279340 
33.4843154  1.3904340  0.0280720 
33.6520884  1.3537880  0.0292760 
33.8198653  1.3064360  0.0211070 
33.9876451  1.3517210  0.0210580 
34.1554181  1.3215400  0.0628640 
34.3231900  1.2830130  0.0405100 
34.4909738  1.3031250  0.0397790 
34.6587468  1.4412320  0.0303250 
34.8265306  1.4134780  0.0313390 
34.9943035  1.2955990  0.0599500 
35.1620755  1.3626590  0.0398870 
35.3298603  1.3625760  0.0738060 
35.4976323  1.2740820  0.0417890 
35.6654052  1.2825130  0.0550040 
35.8331890  1.3182710  0.0811190 
36.0009620  1.3332940  0.0304000 
36.1687458  1.2607690  0.0708090 
36.3365187  1.3042030  0.0465780 
36.5042907  1.3226310  0.0522180 
36.6720705  1.3150770  0.0462330 
36.8398435  1.3946120  0.0667580 
37.0076204  1.2915220  0.1016720 
