# 18
# ukirtJ 30 1.25024 0 2.14096e-314 	#
1 0
1.01667 9.19769e-05
1.03333 0.000277053
1.05 7.20008e-05
1.06667 7.2136e-05
1.08333 0.000290019
1.1 0.00044002
1.11667 0.000327163
1.13333 0.000761375
1.15 0.0147468
1.16667 0.534409
1.18333 0.858236
1.2 0.895696
1.21667 0.897512
1.23333 0.914214
1.25 0.922764
1.26667 0.984455
1.28333 0.977646
1.3 0.928724
1.31667 0.924941
1.33333 0.164886
1.35 0.00937749
1.36667 0.00208993
1.38333 0.00112145
1.4 0.000180822
1.41667 0.000503621
1.43333 0.000218766
1.45 0.000148062
1.46667 0.000226993
1.48333 0.000441281


# ukirtH 30 1.62984 1 0 	#
1.2977 3.38502e-05
1.32099 0.000101551
1.34428 8.91032e-05
1.36757 2.5574e-05
1.39086 8.4792e-05
1.41415 0.000583678
1.43744 0.00280811
1.46073 0.0377279
1.48402 0.502683
1.50731 0.946245
1.5306 0.985506
1.55389 0.961549
1.57718 0.990066
1.60047 0.982141
1.62376 0.975636
1.64705 0.909693
1.67034 0.969925
1.69363 0.959699
1.71692 0.952055
1.74021 0.87825
1.7635 0.890037
1.78679 0.224966
1.81008 0.00898236
1.83337 0.000921171
1.85666 0.000176166
1.87995 0.000144408
1.90324 0.000107388
1.92653 0.000213423
1.94982 0.000144926
1.97311 6.21586e-05


# ukirtK 30 2.20047 1 0 	#
1.8 0.000950149
1.82333 0.00122917
1.84667 0.000101708
1.87 0.00135228
1.89333 4.40192e-05
1.91667 0.000530995
1.94 0.00103255
1.96333 0.0020111
1.98667 0.0109334
2.01 0.068681
2.03333 0.597356
2.05667 0.895092
2.08 0.916523
2.10333 0.971921
2.12667 0.952594
2.15 0.922991
2.17333 0.951531
2.19667 0.964242
2.22 0.970196
2.24333 0.986796
2.26667 0.986997
2.29 0.996366
2.31333 0.982714
2.33667 0.986636
2.36 0.77902
2.38333 0.0685586
2.40667 0.00672004
2.43 0.00158875
2.45333 0
2.47667 0.000233383


# wise1 30 3.37919 1 0 	#
2.61 0.000477154
2.65633 0.00112521
2.70267 0.00376276
2.749 0.00886349
2.79533 0.154847
2.84167 0.370539
2.888 0.30632
2.93433 0.410487
2.98067 0.492915
3.027 0.512162
3.07333 0.446314
3.11967 0.440024
3.166 0.591498
3.21233 0.641244
3.25867 0.639691
3.305 0.712094
3.35133 0.872509
3.39767 0.793248
3.444 0.915094
3.49033 0.99534
3.53667 0.975222
3.583 0.885542
3.62933 0.917178
3.67567 0.923278
3.722 0.909866
3.76833 0.6485
3.81467 0.139444
3.861 0.0152711
3.90733 0.00299689
3.95367 0.00120913


# ukirtLp 30 3.77412 1 0 	#
3.0003 0
3.04957 0.000853138
3.09883 0.00118754
3.1481 0.0027016
3.19737 0
3.24663 0.00117721
3.2959 0.00473342
3.34517 0.0222114
3.39443 0.109469
3.4437 0.881445
3.49297 0.965219
3.54223 0.910402
3.5915 0.94969
3.64077 0.98199
3.69003 0.981565
3.7393 0.949165
3.78857 0.963586
3.83783 0.968005
3.8871 0.975675
3.93637 0.985258
3.98563 0.943179
4.0349 0.956049
4.08417 0.980971
4.13343 0.326773
4.1827 0.0343776
4.23197 0.00432008
4.28123 0.000540262
4.3305 0.000347408
4.37977 0
4.42903 0


# wise2 30 4.62925 1 0 	#
2.53 0
2.71233 2.17308e-07
2.89467 2.92767e-08
3.077 1.17009e-08
3.25933 1.51142e-08
3.44167 2.74986e-08
3.624 1.65214e-06
3.80633 2.76598e-06
3.98867 0.02217
4.171 0.992173
4.35333 0.97405
4.53567 0.976006
4.718 0.928826
4.90033 0.949169
5.08267 0.812184
5.265 0.110463
5.44733 0.000300589
5.62967 1.1736e-05
5.812 3.72051e-05
5.99433 8.4797e-07
6.17667 2.79319e-07
6.359 2.95986e-07
6.54133 2.50333e-07
6.72367 1.87808e-07
6.906 1.06688e-07
7.08833 1.03259e-07
7.27067 8.00161e-08
7.453 8.06192e-08
7.63533 6.22347e-08
7.81767 6.66801e-08


# ukirtM 30 4.75779 1 0 	#
2.2272 0
2.32987 0.00670657
2.43253 0.00490937
2.5352 0.00042434
2.63787 0.000647563
2.74053 0.0005249
2.8432 0.00027265
2.94587 0.000758926
3.04853 2.47535e-05
3.1512 0.000258361
3.25387 0.000621633
3.35653 0.000465529
3.4592 0.000593162
3.56187 0.000337059
3.66453 0.000470072
3.7672 0.000309415
3.86987 0.000131869
3.97253 1.64215e-05
4.0752 0.000147794
4.17787 0.000279166
4.28053 0.000410538
4.3832 0.0095487
4.48587 0.943328
4.58853 0.946294
4.6912 0.94204
4.79387 0.980412
4.89653 0.993575
4.9992 0.973781
5.10187 0.22223
5.20453 0.00338121


# wise3 30 12.3261 1 0 	#
5.11 1.19332e-07
5.89133 1.90931e-07
6.67267 1.77738e-06
7.454 0.0289638
8.23533 0.540213
9.01667 0.589499
9.798 0.591228
10.5793 0.718131
11.3607 0.689578
12.142 0.685539
12.9233 0.865109
13.7047 0.96715
14.486 0.990516
15.2673 0.746567
16.0487 0.542779
16.83 0.0616128
17.6113 0.000858021
18.3927 8.02648e-05
19.174 3.32896e-05
19.9553 1.64046e-05
20.7367 1.29058e-05
21.518 1.2782e-05
22.2993 1.07323e-05
23.0807 9.817e-06
23.862 2.32487e-05
24.6433 6.77912e-05
25.4247 0.000366687
26.206 0.000254746
26.9873 0.000155348
27.7687 1.47763e-06


# wise4 30 22.2556 1 0 	#
6.8 1.88869e-06
7.525 9.29084e-07
8.25 1.12327e-06
8.975 3.27147e-07
9.7 1.68633e-07
10.425 1.34906e-07
11.15 9.4434e-08
11.875 6.74531e-08
12.6 6.70011e-08
13.325 1.76173e-06
14.05 1.85496e-06
14.775 2.21808e-06
15.5 2.29418e-06
16.225 3.25443e-06
16.95 4.75082e-06
17.675 1.07738e-05
18.4 7.99996e-06
19.125 0.00209929
19.85 0.51153
20.575 0.940767
21.3 0.979352
22.025 0.923686
22.75 0.676554
23.475 0.446986
24.2 0.500675
24.925 0.359183
25.65 0.150235
26.375 0.0663502
27.1 0.0244014
27.825 0.00631926


# F315 30 31.4573 1 0 	#
26.0581 0.00247321
26.6299 0.00247321
27.2017 0.00494641
27.7735 0.0230833
28.3453 0.178236
28.917 0.722176
29.4888 0.88211
30.0607 0.944765
30.6324 0.985985
31.2043 0.806265
31.776 0.824402
32.3479 0.631492
32.9196 0.570486
33.4915 0.408079
34.0632 0.327288
34.635 0.307502
35.2069 0.210223
35.7786 0.143776
36.3504 0.0511129
36.9222 0.000824402
37.4941 0.00577082
38.0658 0.0173124
38.6377 0.0230833
39.2094 0.0148392
39.7812 0.0148392
40.353 0.00824402
40.9248 0.00247321
41.4966 0.000824402
42.0684 0
42.6402 0


# A53 30 53.562 1 0 	#
44.5 0.00871955
45.208 0.0141389
45.916 0.0506807
46.624 0.0334954
47.332 0.130202
48.04 0.00694704
48.748 0.352542
49.456 0.0254705
50.164 0.720033
50.872 0.880358
51.58 0.877688
52.288 0.998764
52.996 0.653581
53.704 0.954888
54.412 0.893153
55.12 0
55.828 0.166155
56.536 0.491787
57.244 0.551919
57.952 0.393865
58.66 0
59.368 0.192844
60.076 0.0894503
60.784 0.117068
61.492 0.0790631
62.2 0.0540997
62.908 0.00878552
63.616 0.0180468
64.324 0.0156016
65.032 0.00212896


# C89 30 89.2738 1 0 	#
73.7 0.00592453
75.0133 0.00280757
76.3267 0.0227866
77.64 0.0714722
78.9533 0.00131258
80.2667 0.313659
81.58 0.293361
82.8933 0.430952
84.2067 0.870078
85.52 0.946335
86.8333 0.98921
88.1467 0.95459
89.46 0.699758
90.7733 0.833832
92.0867 0.906273
93.4 0.0117612
94.7133 0.00343984
96.0267 0.215918
97.34 0.485481
98.6533 0.100689
99.9667 0.0184673
101.28 0.0137737
102.593 0.123171
103.907 6.66466e-06
105.22 0.0418799
106.533 0.0295579
107.847 6.60736e-06
109.16 0.00953547
110.473 0.00953963
111.787 0.00211907


# pacs70 30 71.2135 1 1 	#
25.53 0
28.7523 0
31.9747 0
35.197 0
38.4193 0
41.6417 0
44.864 0
48.0863 0
51.3087 0.00567137
54.531 0.0838343
57.7533 0.244049
60.9757 0.527184
64.198 0.909556
67.4203 0.986249
70.6427 0.981696
73.865 0.99765
77.0873 0.821271
80.3097 0.502737
83.532 0.300953
86.7543 0.177537
89.9767 0.111581
93.199 0.0752462
96.4213 0.0521874
99.6437 0.0362012
102.866 0.0281187
106.088 0.0242631
109.311 0.0223762
112.533 0.0175044
115.755 0.0101238
118.978 0.00737296


# D154 30 156.33 1 0 	#
118.8 0.00181475
121.851 3.94977e-05
124.901 0.00475955
127.952 0.00784385
131.003 0.0520271
134.053 0.100893
137.104 0.145925
140.155 0.491078
143.205 0.281794
146.256 0.677351
149.307 0.731554
152.357 0.731116
155.408 0.459047
158.459 0.88695
161.509 0.838509
164.56 0.931594
167.611 0.692662
170.661 0.401406
173.712 0.0782751
176.763 0.149202
179.813 0
182.864 0.076528
185.915 0.0488528
188.965 0.0343997
192.016 0.027015
195.067 0.0179094
198.117 0.0131559
201.168 0.0105327
204.219 0.00438266
207.269 0.00696016


# pacs160 30 165.152 1 1 	#
122.2 0.00240964
125.37 0.00504362
128.54 0.00853012
131.71 0.0184498
134.88 0.0436378
138.05 0.0997364
141.22 0.187923
144.39 0.294378
147.56 0.435167
150.73 0.624496
153.9 0.790361
157.07 0.882024
160.24 0.969248
163.41 0.997166
166.58 0.974432
169.75 0.93633
172.92 0.916532
176.09 0.877408
179.26 0.755533
182.43 0.580138
185.6 0.38246
188.77 0.226136
191.94 0.136386
195.11 0.0788755
198.28 0.0453641
201.45 0.0287585
204.62 0.0170213
207.79 0.00949594
210.96 0.00793705
214.13 0.00722892


# spire250 30 251.581 1 0 	#
192.3 0
195.99 0.0149393
199.68 0.0295069
203.37 0.05606
207.06 0.180806
210.75 0.440171
214.44 0.642809
218.13 0.696987
221.82 0.720641
225.51 0.773002
229.2 0.827576
232.89 0.877734
236.58 0.888056
240.27 0.90382
243.96 0.923077
247.65 0.923077
251.34 0.929519
255.03 0.94726
258.72 0.969593
262.41 0.994638
266.1 0.987432
269.79 0.971441
273.48 0.949662
277.17 0.926954
280.86 0.863486
284.55 0.791626
288.24 0.58315
291.93 0.312821
295.62 0.127571
299.31 0.0637857


# spire350 30 351.489 1 1 	#
250 0
258.333 0
266.667 0
275 0.00182482
283.333 0.0164234
291.667 0.130779
300 0.431569
308.333 0.713909
316.667 0.812652
325 0.764599
333.333 0.790298
341.667 0.840633
350 0.879562
358.333 0.923763
366.667 0.965633
375 0.991788
383.333 1
391.667 0.909976
400 0.662409
408.333 0.33455
416.667 0.0261557
425 0
433.333 0
441.667 0
450 0
458.333 0
466.667 0
475 0
483.333 0
491.667 0


# spire500 30 502.162 1 1 	#
370.4 0
391.387 0.00332779
412.373 0.549018
433.36 0.990738
454.347 0.988991
475.333 0.870137
496.32 0.830283
517.307 0.806559
538.293 0.792013
559.28 0.788686
580.267 0.787879
601.253 0.734059
622.24 0.205158
643.227 0.0560455
664.213 0.00998336
685.2 0.00332779
706.187 0.00166389
727.173 0
748.16 0
769.147 0
790.133 0
811.12 0
832.107 0
853.093 0
874.08 0
895.067 0
916.053 0
937.04 0
958.027 0
979.013 0


