# 11
# nacoJ 30 1.26508 1 0  # 1 0 ‘nacoJ’ (http://www.eso.org/sci/facilities/paranal/decommissioned/naco/inst/filters.html)
1.04 0
1.054 0.00897436
1.068 0.0230769
1.082 0.0461538
1.096 0.1
1.11 0.192308
1.124 0.307692
1.138 0.442308
1.152 0.661538
1.166 0.80641
1.18 0.833333
1.194 0.851282
1.208 0.879487
1.222 0.911538
1.236 0.920513
1.25 0.942308
1.264 0.964103
1.278 0.973077
1.292 0.966667
1.306 0.969231
1.32 0.987179
1.334 0.996154
1.348 0.989744
1.362 0.966667
1.376 0.912821
1.39 0.544872
1.404 0.158974
1.418 0.0423077
1.432 0.0179487
1.446 0.00897436


# nacoH 30 1.65889 1 0  # 1 0 ‘nacoH’ (http://www.eso.org/sci/facilities/paranal/decommissioned/naco/inst/filters.html)
1.42 0
1.436 0.0103896
1.452 0.0363636
1.468 0.155844
1.484 0.420779
1.5 0.857143
1.516 0.909091
1.532 0.945455
1.548 0.966234
1.564 0.976623
1.58 0.987013
1.596 0.997403
1.612 1
1.628 0.994805
1.644 0.987013
1.66 0.987013
1.676 0.976623
1.692 0.974026
1.708 0.968831
1.724 0.961039
1.74 0.961039
1.756 0.950649
1.772 0.948052
1.788 0.942857
1.804 0.916883
1.82 0.844156
1.836 0.355844
1.852 0.132468
1.868 0.0493506
1.884 0.0207792


# nacoK 30 2.14487 1 0  # 1 0 ‘nacoK’ (http://www.eso.org/sci/facilities/paranal/decommissioned/naco/inst/filters.html)
1.88 0
1.89867 0.0266667
1.91733 0.0409524
1.936 0.122857
1.95467 0.404762
1.97333 0.738095
1.992 0.891429
2.01067 0.929524
2.02933 0.949524
2.048 0.962857
2.06667 0.971429
2.08533 0.975238
2.104 0.985714
2.12267 0.985714
2.14133 0.985714
2.16 0.985714
2.17867 0.999048
2.19733 0.987619
2.216 0.974286
2.23467 0.971429
2.25333 0.952381
2.272 0.925714
2.29067 0.906667
2.30933 0.813333
2.328 0.537143
2.34667 0.204762
2.36533 0.06
2.384 0.0257143
2.40267 0.0142857
2.42133 0.0133333


# nacoLp 30 3.80512 1 0  # 1 0 ‘nacoLp’ (http://www.eso.org/sci/facilities/paranal/decommissioned/naco/inst/filters.html)
3.38 0
3.411 0.0163158
3.442 0.0519298
3.473 0.286316
3.504 0.72
3.535 0.905263
3.566 0.964211
3.597 0.968421
3.628 0.989474
3.659 0.992632
3.69 1
3.721 0.992632
3.752 0.989474
3.783 0.989474
3.814 0.989474
3.845 0.980702
3.876 0.978947
3.907 0.978947
3.938 0.988772
3.969 0.999649
4 0.989474
4.031 0.977895
4.062 0.945263
4.093 0.743158
4.124 0.397895
4.155 0.181579
4.186 0.0610526
4.217 0.0226316
4.248 0.0105263
4.279 0.00815789


# A53 30 53.562 1 0  # 1 0 ‘A53’ (https://www.sofia.usra.edu/science/proposing-and-observing/sofia-observers-handbook-cycle-5/10-instruments-vii-hawc/101-0#Table10-1 
44.5 0.00871955
45.208 0.0141389
45.916 0.0506807
46.624 0.0334954
47.332 0.130202
48.04 0.00694704
48.748 0.352542
49.456 0.0254705
50.164 0.720033
50.872 0.880358
51.58 0.877688
52.288 0.998764
52.996 0.653581
53.704 0.954888
54.412 0.893153
55.12 0
55.828 0.166155
56.536 0.491787
57.244 0.551919
57.952 0.393865
58.66 0
59.368 0.192844
60.076 0.0894503
60.784 0.117068
61.492 0.0790631
62.2 0.0540997
62.908 0.00878552
63.616 0.0180468
64.324 0.0156016
65.032 0.00212896


# pacs70 30 71.2135 1 1  # 1 1  Herschel PACS 70um filter (L. Dunne, Feb 2009)
25.53 0
28.7523 0
31.9747 0
35.197 0
38.4193 0
41.6417 0
44.864 0
48.0863 0
51.3087 0.00567137
54.531 0.0838343
57.7533 0.244049
60.9757 0.527184
64.198 0.909556
67.4203 0.986249
70.6427 0.981696
73.865 0.99765
77.0873 0.821271
80.3097 0.502737
83.532 0.300953
86.7543 0.177537
89.9767 0.111581
93.199 0.0752462
96.4213 0.0521874
99.6437 0.0362012
102.866 0.0281187
106.088 0.0242631
109.311 0.0223762
112.533 0.0175044
115.755 0.0101238
118.978 0.00737296


# C89 30 89.2738 1 0  # 1 0 ‘C89’ (https://www.sofia.usra.edu/science/proposing-and-observing/sofia-observers-handbook-cycle-5/10-instruments-vii-hawc/101-0#Table10-1)
73.7 0.00592453
75.0133 0.00280757
76.3267 0.0227866
77.64 0.0714722
78.9533 0.00131258
80.2667 0.313659
81.58 0.293361
82.8933 0.430952
84.2067 0.870078
85.52 0.946335
86.8333 0.98921
88.1467 0.95459
89.46 0.699758
90.7733 0.833832
92.0867 0.906273
93.4 0.0117612
94.7133 0.00343984
96.0267 0.215918
97.34 0.485481
98.6533 0.100689
99.9667 0.0184673
101.28 0.0137737
102.593 0.123171
103.907 6.66466e-06
105.22 0.0418799
106.533 0.0295579
107.847 6.60736e-06
109.16 0.00953547
110.473 0.00953963
111.787 0.00211907


# pacs160 30 165.152 1 1  # 1 1  Herschel PACS 160um filter (L. Dunne, Feb 20
122.2 0.00240964
125.37 0.00504362
128.54 0.00853012
131.71 0.0184498
134.88 0.0436378
138.05 0.0997364
141.22 0.187923
144.39 0.294378
147.56 0.435167
150.73 0.624496
153.9 0.790361
157.07 0.882024
160.24 0.969248
163.41 0.997166
166.58 0.974432
169.75 0.93633
172.92 0.916532
176.09 0.877408
179.26 0.755533
182.43 0.580138
185.6 0.38246
188.77 0.226136
191.94 0.136386
195.11 0.0788755
198.28 0.0453641
201.45 0.0287585
204.62 0.0170213
207.79 0.00949594
210.96 0.00793705
214.13 0.00722892


# spire250 30 251.581 1 0  # 1 0 ‘spire250’ (http://herschel.esac.esa.int/Docs/Herschel/html/ch03s02.html)
192.3 0
195.99 0.0149393
199.68 0.0295069
203.37 0.05606
207.06 0.180806
210.75 0.440171
214.44 0.642809
218.13 0.696987
221.82 0.720641
225.51 0.773002
229.2 0.827576
232.89 0.877734
236.58 0.888056
240.27 0.90382
243.96 0.923077
247.65 0.923077
251.34 0.929519
255.03 0.94726
258.72 0.969593
262.41 0.994638
266.1 0.987432
269.79 0.971441
273.48 0.949662
277.17 0.926954
280.86 0.863486
284.55 0.791626
288.24 0.58315
291.93 0.312821
295.62 0.127571
299.31 0.0637857


# spire350 30 351.489 1 1  # 1 1  Herschel SPIRE 350um filter (L. Dunne, Feb 2009)
250 0
258.333 0
266.667 0
275 0.00182482
283.333 0.0164234
291.667 0.130779
300 0.431569
308.333 0.713909
316.667 0.812652
325 0.764599
333.333 0.790298
341.667 0.840633
350 0.879562
358.333 0.923763
366.667 0.965633
375 0.991788
383.333 1
391.667 0.909976
400 0.662409
408.333 0.33455
416.667 0.0261557
425 0
433.333 0
441.667 0
450 0
458.333 0
466.667 0
475 0
483.333 0
491.667 0


# spire500 30 502.162 1 1  # 1 1  Herschel SPIRE 500um filter (L. Dunne, Feb 2009)
370.4 0
391.387 0.00332779
412.373 0.549018
433.36 0.990738
454.347 0.988991
475.333 0.870137
496.32 0.830283
517.307 0.806559
538.293 0.792013
559.28 0.788686
580.267 0.787879
601.253 0.734059
622.24 0.205158
643.227 0.0560455
664.213 0.00998336
685.2 0.00332779
706.187 0.00166389
727.173 0
748.16 0
769.147 0
790.133 0
811.12 0
832.107 0
853.093 0
874.08 0
895.067 0
916.053 0
937.04 0
958.027 0
979.013 0


