5.0266357  0.6289347  0.0155560 
5.0556029  0.6288771  0.0133960 
5.0845702  0.6314004  0.0071240 
5.1135375  0.6379828  0.0071010 
5.1425143  0.6356259  0.0104270 
5.1714816  0.6483240  0.0140300 
5.2004489  0.6610950  0.0093660 
5.2294161  0.6722749  0.0074830 
5.2583834  0.6681060  0.0104140 
5.2873603  0.6689576  0.0063380 
5.3163275  0.6716473  0.0062530 
5.3452948  0.6711992  0.0081780 
5.3742621  0.6693415  0.0072920 
5.4032293  0.6832567  0.0078140 
5.4322062  0.6850350  0.0092700 
5.4611735  0.6919763  0.0092430 
5.4901407  0.7085030  0.0083550 
5.5191080  0.7094209  0.0075640 
5.5480753  0.7149788  0.0257450 
5.5770521  0.7276660  0.0224200 
5.6060194  0.7411952  0.0215410 
5.6349867  0.7479494  0.0075830 
5.6639539  0.7617493  0.0069970 
5.6929212  0.7689092  0.0079130 
5.7218981  0.7644673  0.0084660 
5.7508653  0.7633177  0.0076350 
5.7798326  0.7637582  0.0094800 
5.8087999  0.7660052  0.0122960 
5.8377671  0.7671831  0.0118340 
5.8667440  0.7786827  0.0089790 
5.8957113  0.7872011  0.0102220 
5.9246785  0.7858013  0.0073830 
5.9536458  0.8008934  0.0239610 
5.9826131  0.8081849  0.0070810 
6.0115899  0.8144029  0.0087140 
6.0405572  0.8087233  0.0081150 
6.0695245  0.8269890  0.0065640 
6.0984917  0.8440008  0.0070420 
6.1274590  0.8655077  0.0086050 
6.1564358  0.8943301  0.0072770 
6.1854031  0.9056806  0.0078560 
6.2143704  0.9012681  0.0108690 
6.2433377  0.9100704  0.0115100 
6.2723049  0.8904537  0.0112740 
6.3012818  0.8879641  0.0084910 
6.3302491  0.8811414  0.0148110 
6.3592163  0.8828794  0.0109890 
6.3881836  0.8838561  0.0090020 
6.4171509  0.8861434  0.0160720 
6.4461277  0.8915370  0.0128630 
6.4750950  0.8943496  0.0146140 
6.5040623  0.9064159  0.0130090 
6.5330295  0.9241172  0.0136780 
6.5619968  0.9353775  0.0162550 
6.5909736  0.9539957  0.0115630 
6.6199409  0.9661902  0.0165390 
6.6489082  0.9783913  0.0104680 
6.6778755  0.9762389  0.0086050 
6.7068427  0.9817554  0.0085400 
6.7358196  0.9867629  0.0138770 
6.7647868  0.9692334  0.0127280 
6.7937541  0.9589977  0.0097450 
6.8227214  0.9611229  0.0093480 
6.8516887  0.9710161  0.0153830 
6.8806655  1.0059684  0.0537230 
6.9096328  1.0244571  0.0125570 
6.9386000  1.0480153  0.0176440 
6.9675673  1.0849537  0.0396000 
6.9965346  1.1004394  0.0116630 
7.0255114  1.0930370  0.0172340 
7.0544787  1.1011475  0.0176010 
7.0834460  1.1192077  0.0123550 
7.1124133  1.1290106  0.0182080 
7.1413805  1.1305507  0.0158730 
7.1703574  1.1327618  0.0198480 
7.1413805  1.1261958  0.0186600 
7.1993246  1.1481530  0.0148730 
7.2572592  1.1303146  0.0208150 
7.3151937  1.2086267  0.0139890 
7.3731378  1.2713181  0.0177640 
7.4310724  1.3438536  0.0500760 
7.4890069  1.4033876  0.0174200 
7.5469510  1.4556192  0.0198490 
7.6048856  1.4937637  0.0230770 
7.6628297  1.5122818  0.0585050 
7.7207642  1.5249289  0.0224130 
7.7786988  1.5537502  0.0196970 
7.8366429  1.5520252  0.0223040 
7.8945775  1.5709761  0.0191030 
7.9525120  1.5642034  0.0219930 
8.0104561  1.5588588  0.0218470 
8.0683907  1.5513062  0.0198190 
8.1263252  1.5374758  0.0173510 
8.1842693  1.5253335  0.0129010 
8.2422039  1.5142581  0.0130230 
8.3001480  1.4995837  0.0303600 
8.3580825  1.4647662  0.0138790 
8.4160171  1.4277268  0.0095700 
8.4739612  1.3868729  0.0080840 
8.5318957  1.3531214  0.0082700 
8.5898303  1.3136848  0.0093240 
8.6477744  1.2627018  0.0091930 
8.7057089  1.2147337  0.0096650 
8.7636435  1.1682514  0.0090700 
8.8215876  1.1173446  0.0277900 
8.8795221  1.0837127  0.0335940 
8.9374662  1.0514599  0.0094690 
8.9954008  1.0328689  0.0086960 
9.0533353  1.0146455  0.0258890 
9.1112794  0.9992109  0.0106320 
9.1692140  0.9948038  0.0143650 
9.2271485  0.9814172  0.0133410 
9.2850926  0.9734578  0.0108160 
9.3430272  0.9716480  0.0118730 
9.4009617  0.9732218  0.0073490 
9.4589059  0.9680675  0.0100060 
9.5168404  0.9748913  0.0145470 
9.5747845  0.9856731  0.0153310 
9.6327191  0.9970802  0.0088800 
9.6906536  1.0063708  0.0081880 
9.7485977  1.0066558  0.0074580 
9.8065323  1.0130739  0.0096740 
9.8644668  1.0284738  0.0065950 
9.9224109  1.0387313  0.0093890 
9.9803455  1.0518928  0.0101980 
10.0382800  1.0695223  0.0278500 
10.0962241  1.0798385  0.0291730 
10.1541587  1.0969177  0.0328570 
10.2121028  1.1099606  0.0256640 
10.2700373  1.1275520  0.0292480 
10.3279719  1.1484053  0.0104120 
10.3859160  1.1607369  0.0101060 
10.4438505  1.1791245  0.0096140 
10.5017851  1.1986291  0.0153300 
10.5597292  1.2145934  0.0132410 
10.6176637  1.2391066  0.0113720 
10.6755983  1.2568655  0.0123100 
10.7335424  1.2751639  0.0139970 
10.7914769  1.2958606  0.0407930 
10.8494210  1.3197875  0.0122210 
10.9073556  1.3402318  0.0086660 
10.9652901  1.3704246  0.0154830 
11.0232343  1.4003368  0.0283160 
11.0811688  1.4412189  0.0142470 
11.1391033  1.5115031  0.0394370 
11.1970475  1.5991677  0.0290510 
11.2549820  1.6360832  0.0156630 
11.3129165  1.6220755  0.0139610 
11.3708607  1.6017726  0.0146080 
11.4287952  1.6374395  0.0136920 
11.4867393  1.6673103  0.0222360 
11.5446739  1.6990889  0.0135910 
11.6026084  1.7299136  0.0139440 
11.6605525  1.7739324  0.0091780 
11.7184871  1.8138368  0.0143820 
11.7764216  1.8631959  0.0372940 
11.8343657  1.9212039  0.0389580 
11.8923003  1.9862283  0.0167520 
11.9502348  2.0487021  0.0552490 
12.0081789  2.1067874  0.0613410 
12.0661135  2.1800909  0.0163030 
12.1240576  2.2520250  0.0224250 
12.1819921  2.3282759  0.0175370 
12.2399267  2.4168357  0.0136200 
12.2978708  2.4977254  0.0246760 
12.3558053  2.5748073  0.0557820 
12.4137399  2.6534609  0.0375040 
12.4716840  2.7299294  0.0271980 
12.5296185  2.8061901  0.0654450 
12.5875531  2.8724511  0.0213970 
12.6454972  2.9437685  0.0225900 
12.7034317  3.0285770  0.0377560 
12.7613663  3.1230187  0.0502010 
12.8193104  3.1377279  0.0249110 
12.8772449  3.0667770  0.0257430 
12.9351891  3.0595072  0.0366050 
12.9931236  3.0916959  0.0181410 
13.0510581  3.1294978  0.0314330 
13.1090023  3.1502260  0.0287280 
13.1669368  3.1769427  0.0736050 
13.2248713  3.2171308  0.0198220 
13.2828155  3.2179651  0.0744580 
13.3407500  3.2373011  0.0307070 
13.3986845  3.2523420  0.0764510 
13.4772046  3.2523420  0.0232940 
13.5583206  3.2195350  0.0145560 
13.6394367  3.2248370  0.0144610 
13.7205431  3.2419490  0.0190020 
13.8016591  3.2737400  0.0131450 
13.8827751  3.3186540  0.0150890 
13.9638816  3.3274000  0.0331740 
14.0449976  3.3421750  0.0703590 
14.1261136  3.3824020  0.1987470 
14.2072297  3.4864790  0.1912970 
14.2883361  3.5113280  0.1821000 
14.3694521  3.5551540  0.1858710 
14.4505681  3.5821770  0.0422480 
14.5316746  3.5947190  0.0998200 
14.6127906  3.6117920  0.1137160 
14.6939066  3.6699770  0.0359500 
14.7750131  3.6919510  0.0333430 
14.8561291  3.6813220  0.0147560 
14.9372451  3.6719420  0.0145840 
15.0183515  3.6717330  0.0145470 
15.0994676  3.6707080  0.0146480 
15.1805836  3.6477820  0.0261350 
15.2616900  3.6543080  0.0196050 
15.3428060  3.6584900  0.0304120 
15.4239230  3.6511510  0.0888510 
15.5050371  3.6744380  0.0497550 
15.5861445  3.6470610  0.0498730 
15.6672615  3.6047980  0.0532830 
15.7483766  3.6423770  0.1669930 
15.8294840  3.6262320  0.0518700 
15.9105981  3.6348100  0.0648540 
15.9917151  3.5745280  0.0578670 
16.0728225  3.5822230  0.0499490 
16.1539366  3.6056210  0.0495380 
16.2350535  3.6331200  0.0248250 
16.3161590  3.6416940  0.0292240 
16.3972760  3.6608920  0.0304000 
16.4783920  3.6420150  0.0394330 
16.5594975  3.6320520  0.0155490 
16.6406145  3.6951760  0.0295680 
16.7217305  3.7170860  0.0279780 
16.8028456  3.7436700  0.0224110 
16.8839530  3.7531680  0.0514410 
16.9650699  3.8369650  0.0306170 
17.0461841  3.8352480  0.0234480 
17.1272914  3.8167680  0.0587720 
17.2084084  3.8413760  0.0469700 
17.2895235  3.9001600  0.0442930 
17.3706309  3.9378290  0.0511310 
17.4517450  3.9564280  0.0262140 
17.5328620  3.9417790  0.0266130 
17.6139694  4.0326520  0.0232980 
17.6950835  4.0690200  0.0381200 
17.7762005  4.1025010  0.0173390 
17.8573059  4.1300630  0.0369560 
17.9384229  4.1428700  0.1087310 
18.0195389  4.2110430  0.0219690 
18.1006559  4.2632460  0.0372330 
18.1817614  4.2944250  0.1180030 
18.2628774  4.3423020  0.1201070 
18.3439925  4.3336490  0.2761740 
18.4250999  4.3672620  0.1850750 
18.5062169  4.4335010  0.0347030 
18.5873310  4.4232950  0.0470780 
18.6684384  4.5192870  0.0652890 
18.7495553  4.5911400  0.0760710 
18.8306704  4.6434100  0.0689230 
18.9117778  4.6720740  0.0476350 
18.9928919  4.7454890  0.1508970 
19.0740089  4.8233440  0.2075510 
19.1551163  4.9376950  0.1441020 
19.2362304  4.9989800  0.0345530 
19.3173474  5.0316220  0.0315030 
19.3984644  5.0739470  0.0327510 
19.4795698  5.1229970  0.0375010 
19.5606859  5.1968210  0.0304920 
19.6418028  5.2224940  0.0296690 
19.7229083  5.2374450  0.0508910 
19.8851394  5.2053790  0.0691320 
20.0473638  5.5014800  0.0339110 
20.2095853  5.5634890  0.0443190 
20.3718173  5.6538700  0.0318390 
20.5340388  5.8165180  0.0201600 
20.6962718  5.8782900  0.0829610 
20.8584943  6.0415780  0.0711450 
21.0207168  6.2119810  0.0402760 
21.1829498  6.3251090  0.0742350 
21.3451713  6.4350350  0.3289600 
21.5073937  6.5992410  0.0628660 
21.6696248  6.8113860  0.0885280 
21.8318492  6.8744060  0.0331030 
21.9940803  7.0022640  0.0764580 
22.1563027  7.0695930  0.0505540 
22.3185242  7.1508210  0.0993960 
22.4807582  7.3138060  0.1045350 
22.6429797  7.4826130  0.0551060 
22.8052022  7.6360670  0.0337940 
22.9674332  7.7754640  0.2522570 
23.1296576  7.8509350  0.0607480 
23.2918887  7.9397300  0.0329300 
23.4541112  8.0343970  0.2514480 
23.6163327  8.3442810  0.0402170 
23.7785657  8.4656690  0.0422160 
23.9407881  8.6000450  0.0585260 
24.1030106  8.7388410  0.2291280 
24.2652436  8.9505860  0.0287270 
24.4274661  9.1124580  0.0592760 
24.5896971  9.2481700  0.0652680 
24.7519187  9.3775300  0.0608260 
24.9141411  9.6089430  0.2827620 
25.0763741  9.7482590  0.0672970 
25.2385966  9.9682700  0.0581190 
25.4008190  10.0607110  0.0267800 
25.5630520  10.2271720  0.0664850 
25.7252735  10.4410850  0.0767210 
25.8875056  10.5676380  0.0353300 
26.0497271  10.6871940  0.0877210 
26.2119515  10.8712880  0.0736900 
26.3741826  11.0693040  0.0993410 
26.5364050  11.1532360  0.0398580 
26.6986265  11.3128300  0.0613600 
26.8608595  11.3907840  0.0789830 
27.0230820  11.6761130  0.1133760 
27.1853131  11.7723480  0.0557650 
27.3475374  12.0170870  0.0664150 
27.5097599  12.1722380  0.3253270 
27.6719910  12.2300000  0.0688640 
27.8342125  12.3801190  0.0466790 
27.9964350  12.4414200  0.0773480 
28.1586680  12.7117250  0.0643940 
28.3208904  12.8965110  0.4902450 
28.4831215  13.0635360  0.1015420 
28.6453459  13.2733670  0.1112250 
28.8075674  13.3627200  0.0826220 
28.9697994  13.4880070  0.0771270 
29.1320209  13.7094390  0.0386060 
29.2942453  13.7954190  0.1694280 
29.4564764  14.1282120  0.1029370 
29.6186989  14.1450830  0.1094560 
29.7809319  14.2275260  0.0561590 
29.9431534  14.3893880  0.1679220 
30.1053758  14.6679330  0.1362090 
30.2676069  14.8742130  0.0596420 
30.4298313  15.0293630  0.2103630 
30.5920537  15.0824560  0.1650940 
30.7542848  15.1661620  0.0555030 
30.9165063  15.3531060  0.0799560 
31.0787403  15.7344360  0.1195230 
31.2409618  16.0278170  0.2450600 
31.4031843  16.1010650  0.0719940 
31.5654173  16.2537400  0.0685920 
31.7276397  16.2597330  0.0941010 
31.8898612  16.7259750  0.0728680 
32.0520942  16.8223950  0.2402580 
32.2143167  16.9530870  0.5883830 
32.3765459  17.1764680  1.0050680 
32.5387683  17.4298900  0.3277120 
32.7009946  17.4226680  0.2033880 
32.8632238  17.8395480  0.1967430 
33.0254462  17.8492180  0.4309190 
33.1876677  17.9525320  0.1895910 
33.3499007  18.1959020  0.2643770 
33.5121232  18.4959910  0.2995710 
33.6743562  18.4945180  0.1759470 
33.8365787  18.2753810  0.1480430 
33.9988002  19.4478650  0.5270160 
34.1610341  19.5602820  0.4282590 
34.3232556  18.9069980  0.2191410 
34.4854781  18.9058570  0.2622220 
34.6477111  19.2673950  1.7784850 
34.8099336  19.2981110  0.1430130 
34.9721666  19.3187050  0.5306070 
35.1343890  19.7985860  0.2126770 
35.2966105  19.5290660  0.1213730 
35.4588397  19.8286300  0.3238300 
35.6210622  21.4206660  0.8505160 
35.7832885  20.0797750  0.8515540 
