# 11
# F315 30 31.5894 0 2.19668e-314 	#
26.0581 0.00247321
26.6299 0.00247321
27.2017 0.00494641
27.7735 0.0230833
28.3453 0.178236
28.917 0.722176
29.4888 0.88211
30.0607 0.944765
30.6324 0.985985
31.2043 0.806265
31.776 0.824402
32.3479 0.631492
32.9196 0.570486
33.4915 0.408079
34.0632 0.327288
34.635 0.307502
35.2069 0.210223
35.7786 0.143776
36.3504 0.0511129
36.9222 0.000824402
37.4941 0.00577082
38.0658 0.0173124
38.6377 0.0230833
39.2094 0.0148392
39.7812 0.0148392
40.353 0.00824402
40.9248 0.00247321
41.4966 0.000824402
42.0684 0
42.6402 0


# F371 30 37.1497 1 0 	#
26.0576 0
26.5609 0.00194175
27.0641 0
27.5673 0.00485437
28.0706 0.000970874
28.5738 0.00291262
29.077 0.00194175
29.5803 0.00194175
30.0835 0
30.5867 0.00194175
31.09 0.00485437
31.5932 0.00582524
32.0964 0.0116505
32.5997 0.0213592
33.1029 0.0446602
33.6061 0.0601942
34.1094 0.0902913
34.6126 0.167961
35.1158 0.215534
35.6191 0.329126
36.1223 0.550485
36.6255 0.643689
37.1288 0.854369
37.632 0.929126
38.1352 0.498447
38.6385 0.420388
39.1417 0.24466
39.6449 0.151456
40.1482 0.139806
40.6514 0.0757282


# A53 30 53.562 1 0 	#
44.5 0.00871955
45.208 0.0141389
45.916 0.0506807
46.624 0.0334954
47.332 0.130202
48.04 0.00694704
48.748 0.352542
49.456 0.0254705
50.164 0.720033
50.872 0.880358
51.58 0.877688
52.288 0.998764
52.996 0.653581
53.704 0.954888
54.412 0.893153
55.12 0
55.828 0.166155
56.536 0.491787
57.244 0.551919
57.952 0.393865
58.66 0
59.368 0.192844
60.076 0.0894503
60.784 0.117068
61.492 0.0790631
62.2 0.0540997
62.908 0.00878552
63.616 0.0180468
64.324 0.0156016
65.032 0.00212896


# pacs70 30 71.2135 1 1 	#
25.53 0
28.7523 0
31.9747 0
35.197 0
38.4193 0
41.6417 0
44.864 0
48.0863 0
51.3087 0.00567137
54.531 0.0838343
57.7533 0.244049
60.9757 0.527184
64.198 0.909556
67.4203 0.986249
70.6427 0.981696
73.865 0.99765
77.0873 0.821271
80.3097 0.502737
83.532 0.300953
86.7543 0.177537
89.9767 0.111581
93.199 0.0752462
96.4213 0.0521874
99.6437 0.0362012
102.866 0.0281187
106.088 0.0242631
109.311 0.0223762
112.533 0.0175044
115.755 0.0101238
118.978 0.00737296


# C89 30 89.2738 1 0 	#
73.7 0.00592453
75.0133 0.00280757
76.3267 0.0227866
77.64 0.0714722
78.9533 0.00131258
80.2667 0.313659
81.58 0.293361
82.8933 0.430952
84.2067 0.870078
85.52 0.946335
86.8333 0.98921
88.1467 0.95459
89.46 0.699758
90.7733 0.833832
92.0867 0.906273
93.4 0.0117612
94.7133 0.00343984
96.0267 0.215918
97.34 0.485481
98.6533 0.100689
99.9667 0.0184673
101.28 0.0137737
102.593 0.123171
103.907 6.66466e-06
105.22 0.0418799
106.533 0.0295579
107.847 6.60736e-06
109.16 0.00953547
110.473 0.00953963
111.787 0.00211907


# pacs100 30 120.545 1 0 	#
101.5 1
103.434 0.960714
105.367 0.869911
107.3 0.842446
109.234 0.828619
111.167 0.811715
113.1 0.789691
115.034 0.748353
116.967 0.695831
118.9 0.622392
120.834 0.508973
122.767 0.363807
124.7 0.212285
126.634 0.0956628
128.567 0.03333
130.5 0.0121762
132.434 0.0106252
134.367 0.0106332
136.3 0.00818725
138.234 0.00521934
140.167 0.00287131
142.1 0.00128806
144.034 0.000555477
145.967 0.000234803
147.9 9.66047e-05
149.834 4.0252e-05
151.767 2.0126e-05
153.7 1.61008e-05
155.634 0.914715
157.567 0.902113


# D154 30 156.33 1 0 	#
118.8 0.00181475
121.851 3.94977e-05
124.901 0.00475955
127.952 0.00784385
131.003 0.0520271
134.053 0.100893
137.104 0.145925
140.155 0.491078
143.205 0.281794
146.256 0.677351
149.307 0.731554
152.357 0.731116
155.408 0.459047
158.459 0.88695
161.509 0.838509
164.56 0.931594
167.611 0.692662
170.661 0.401406
173.712 0.0782751
176.763 0.149202
179.813 0
182.864 0.076528
185.915 0.0488528
188.965 0.0343997
192.016 0.027015
195.067 0.0179094
198.117 0.0131559
201.168 0.0105327
204.219 0.00438266
207.269 0.00696016


# pacs160 30 165.152 1 1 	#
122.2 0.00240964
125.37 0.00504362
128.54 0.00853012
131.71 0.0184498
134.88 0.0436378
138.05 0.0997364
141.22 0.187923
144.39 0.294378
147.56 0.435167
150.73 0.624496
153.9 0.790361
157.07 0.882024
160.24 0.969248
163.41 0.997166
166.58 0.974432
169.75 0.93633
172.92 0.916532
176.09 0.877408
179.26 0.755533
182.43 0.580138
185.6 0.38246
188.77 0.226136
191.94 0.136386
195.11 0.0788755
198.28 0.0453641
201.45 0.0287585
204.62 0.0170213
207.79 0.00949594
210.96 0.00793705
214.13 0.00722892


# spire250 30 251.581 1 0 	#
192.3 0
195.99 0.0149393
199.68 0.0295069
203.37 0.05606
207.06 0.180806
210.75 0.440171
214.44 0.642809
218.13 0.696987
221.82 0.720641
225.51 0.773002
229.2 0.827576
232.89 0.877734
236.58 0.888056
240.27 0.90382
243.96 0.923077
247.65 0.923077
251.34 0.929519
255.03 0.94726
258.72 0.969593
262.41 0.994638
266.1 0.987432
269.79 0.971441
273.48 0.949662
277.17 0.926954
280.86 0.863486
284.55 0.791626
288.24 0.58315
291.93 0.312821
295.62 0.127571
299.31 0.0637857


# spire350 30 351.489 1 1 	#
250 0
258.333 0
266.667 0
275 0.00182482
283.333 0.0164234
291.667 0.130779
300 0.431569
308.333 0.713909
316.667 0.812652
325 0.764599
333.333 0.790298
341.667 0.840633
350 0.879562
358.333 0.923763
366.667 0.965633
375 0.991788
383.333 1
391.667 0.909976
400 0.662409
408.333 0.33455
416.667 0.0261557
425 0
433.333 0
441.667 0
450 0
458.333 0
466.667 0
475 0
483.333 0
491.667 0


# spire500 30 502.162 1 1 	#
370.4 0
391.387 0.00332779
412.373 0.549018
433.36 0.990738
454.347 0.988991
475.333 0.870137
496.32 0.830283
517.307 0.806559
538.293 0.792013
559.28 0.788686
580.267 0.787879
601.253 0.734059
622.24 0.205158
643.227 0.0560455
664.213 0.00998336
685.2 0.00332779
706.187 0.00166389
727.173 0
748.16 0
769.147 0
790.133 0
811.12 0
832.107 0
853.093 0
874.08 0
895.067 0
916.053 0
937.04 0
958.027 0
979.013 0


