# 12
# wise1 30 3.40026 0 2.16678e-314 	#
2.61 0.000477154
2.65633 0.00112521
2.70267 0.00376276
2.749 0.00886349
2.79533 0.154847
2.84167 0.370539
2.888 0.30632
2.93433 0.410487
2.98067 0.492915
3.027 0.512162
3.07333 0.446314
3.11967 0.440024
3.166 0.591498
3.21233 0.641244
3.25867 0.639691
3.305 0.712094
3.35133 0.872509
3.39767 0.793248
3.444 0.915094
3.49033 0.99534
3.53667 0.975222
3.583 0.885542
3.62933 0.917178
3.67567 0.923278
3.722 0.909866
3.76833 0.6485
3.81467 0.139444
3.861 0.0152711
3.90733 0.00299689
3.95367 0.00120913


# wise2 30 4.62925 1 0 	#
2.53 0
2.71233 2.17308e-07
2.89467 2.92767e-08
3.077 1.17009e-08
3.25933 1.51142e-08
3.44167 2.74986e-08
3.624 1.65214e-06
3.80633 2.76598e-06
3.98867 0.02217
4.171 0.992173
4.35333 0.97405
4.53567 0.976006
4.718 0.928826
4.90033 0.949169
5.08267 0.812184
5.265 0.110463
5.44733 0.000300589
5.62967 1.1736e-05
5.812 3.72051e-05
5.99433 8.4797e-07
6.17667 2.79319e-07
6.359 2.95986e-07
6.54133 2.50333e-07
6.72367 1.87808e-07
6.906 1.06688e-07
7.08833 1.03259e-07
7.27067 8.00161e-08
7.453 8.06192e-08
7.63533 6.22347e-08
7.81767 6.66801e-08


# wise3 30 12.3261 1 0 	#
5.11 1.19332e-07
5.89133 1.90931e-07
6.67267 1.77738e-06
7.454 0.0289638
8.23533 0.540213
9.01667 0.589499
9.798 0.591228
10.5793 0.718131
11.3607 0.689578
12.142 0.685539
12.9233 0.865109
13.7047 0.96715
14.486 0.990516
15.2673 0.746567
16.0487 0.542779
16.83 0.0616128
17.6113 0.000858021
18.3927 8.02648e-05
19.174 3.32896e-05
19.9553 1.64046e-05
20.7367 1.29058e-05
21.518 1.2782e-05
22.2993 1.07323e-05
23.0807 9.817e-06
23.862 2.32487e-05
24.6433 6.77912e-05
25.4247 0.000366687
26.206 0.000254746
26.9873 0.000155348
27.7687 1.47763e-06


# wise4 30 22.2556 1 0 	#
6.8 1.88869e-06
7.525 9.29084e-07
8.25 1.12327e-06
8.975 3.27147e-07
9.7 1.68633e-07
10.425 1.34906e-07
11.15 9.4434e-08
11.875 6.74531e-08
12.6 6.70011e-08
13.325 1.76173e-06
14.05 1.85496e-06
14.775 2.21808e-06
15.5 2.29418e-06
16.225 3.25443e-06
16.95 4.75082e-06
17.675 1.07738e-05
18.4 7.99996e-06
19.125 0.00209929
19.85 0.51153
20.575 0.940767
21.3 0.979352
22.025 0.923686
22.75 0.676554
23.475 0.446986
24.2 0.500675
24.925 0.359183
25.65 0.150235
26.375 0.0663502
27.1 0.0244014
27.825 0.00631926


# F315 30 31.4573 1 0 	#
26.055 0.00247321
26.6269 0.00247321
27.1988 0.00494641
27.7707 0.0230833
28.3426 0.176422
28.9145 0.720905
29.4864 0.88211
30.0583 0.944765
30.6302 0.985985
31.2021 0.806265
31.774 0.825227
32.3459 0.631492
32.9178 0.570486
33.4897 0.40835
34.0616 0.327639
34.6335 0.307502
35.2054 0.210223
35.7773 0.14427
36.3492 0.0511129
36.9211 0.000824402
37.493 0.00577082
38.0649 0.0173124
38.6368 0.0230833
39.2087 0.0148392
39.7806 0.0148392
40.3525 0.00824402
40.9244 0.00247321
41.4963 0.000824402
42.0682 0
42.6401 0


# F371 30 37.1497 1 0 	#
26.0576 0
26.5609 0.00194175
27.0641 0
27.5673 0.00485437
28.0706 0.000970874
28.5738 0.00291262
29.077 0.00194175
29.5803 0.00194175
30.0835 0
30.5867 0.00194175
31.09 0.00485437
31.5932 0.00582524
32.0964 0.0116505
32.5997 0.0213592
33.1029 0.0446602
33.6061 0.0601942
34.1094 0.0902913
34.6126 0.167961
35.1158 0.215534
35.6191 0.329126
36.1223 0.550485
36.6255 0.643689
37.1288 0.854369
37.632 0.929126
38.1352 0.498447
38.6385 0.420388
39.1417 0.24466
39.6449 0.151456
40.1482 0.139806
40.6514 0.0757282


# pacs70 30 71.2135 1 1 	#
25.53 0
28.7523 0
31.9747 0
35.197 0
38.4193 0
41.6417 0
44.864 0
48.0863 0
51.3087 0.00567137
54.531 0.0838343
57.7533 0.244049
60.9757 0.527184
64.198 0.909556
67.4203 0.986249
70.6427 0.981696
73.865 0.99765
77.0873 0.821271
80.3097 0.502737
83.532 0.300953
86.7543 0.177537
89.9767 0.111581
93.199 0.0752462
96.4213 0.0521874
99.6437 0.0362012
102.866 0.0281187
106.088 0.0242631
109.311 0.0223762
112.533 0.0175044
115.755 0.0101238
118.978 0.00737296


# pacs100 30 120.545 1 0 	#
101.5 1
103.434 0.960714
105.367 0.869911
107.3 0.842446
109.234 0.828619
111.167 0.811715
113.1 0.789691
115.034 0.748353
116.967 0.695831
118.9 0.622392
120.834 0.508973
122.767 0.363807
124.7 0.212285
126.634 0.0956628
128.567 0.03333
130.5 0.0121762
132.434 0.0106252
134.367 0.0106332
136.3 0.00818725
138.234 0.00521934
140.167 0.00287131
142.1 0.00128806
144.034 0.000555477
145.967 0.000234803
147.9 9.66047e-05
149.834 4.0252e-05
151.767 2.0126e-05
153.7 1.61008e-05
155.634 0.914715
157.567 0.902113


# pacs160 30 165.152 1 1 	#
122.2 0.00240964
125.37 0.00504362
128.54 0.00853012
131.71 0.0184498
134.88 0.0436378
138.05 0.0997364
141.22 0.187923
144.39 0.294378
147.56 0.435167
150.73 0.624496
153.9 0.790361
157.07 0.882024
160.24 0.969248
163.41 0.997166
166.58 0.974432
169.75 0.93633
172.92 0.916532
176.09 0.877408
179.26 0.755533
182.43 0.580138
185.6 0.38246
188.77 0.226136
191.94 0.136386
195.11 0.0788755
198.28 0.0453641
201.45 0.0287585
204.62 0.0170213
207.79 0.00949594
210.96 0.00793705
214.13 0.00722892


# spire250 30 251.581 1 0 	#
192.3 0
195.99 0.0149393
199.68 0.0295069
203.37 0.05606
207.06 0.180806
210.75 0.440171
214.44 0.642809
218.13 0.696987
221.82 0.720641
225.51 0.773002
229.2 0.827576
232.89 0.877734
236.58 0.888056
240.27 0.90382
243.96 0.923077
247.65 0.923077
251.34 0.929519
255.03 0.94726
258.72 0.969593
262.41 0.994638
266.1 0.987432
269.79 0.971441
273.48 0.949662
277.17 0.926954
280.86 0.863486
284.55 0.791626
288.24 0.58315
291.93 0.312821
295.62 0.127571
299.31 0.0637857


# spire350 30 351.489 1 1 	#
250 0
258.333 0
266.667 0
275 0.00182482
283.333 0.0164234
291.667 0.130779
300 0.431569
308.333 0.713909
316.667 0.812652
325 0.764599
333.333 0.790298
341.667 0.840633
350 0.879562
358.333 0.923763
366.667 0.965633
375 0.991788
383.333 1
391.667 0.909976
400 0.662409
408.333 0.33455
416.667 0.0261557
425 0
433.333 0
441.667 0
450 0
458.333 0
466.667 0
475 0
483.333 0
491.667 0


# spire500 30 502.162 1 1 	#
370.4 0
391.387 0.00332779
412.373 0.549018
433.36 0.990738
454.347 0.988991
475.333 0.870137
496.32 0.830283
517.307 0.806559
538.293 0.792013
559.28 0.788686
580.267 0.787879
601.253 0.734059
622.24 0.205158
643.227 0.0560455
664.213 0.00998336
685.2 0.00332779
706.187 0.00166389
727.173 0
748.16 0
769.147 0
790.133 0
811.12 0
832.107 0
853.093 0
874.08 0
895.067 0
916.053 0
937.04 0
958.027 0
979.013 0


