9.7276655  0.2451260  0.0038840 
9.7355255  0.2412930  0.0036930 
9.7433845  0.2502870  0.0047750 
9.7512436  0.2452070  0.0057680 
9.7590997  0.2366570  0.0029470 
9.7669548  0.2412370  0.0049410 
9.7748099  0.2453330  0.0050400 
9.7826621  0.2477490  0.0030540 
9.7905143  0.2436330  0.0039950 
9.7983646  0.2508090  0.0037780 
9.8062129  0.2464760  0.0035400 
9.8140613  0.2491360  0.0046420 
9.8219076  0.2487200  0.0036730 
9.8297530  0.2474990  0.0047040 
9.8376403  0.2506080  0.0039800 
9.8454837  0.2526180  0.0036880 
9.8533252  0.2511860  0.0026430 
9.8611648  0.2573740  0.0028940 
9.8690034  0.2526120  0.0021970 
9.8768410  0.2511800  0.0021750 
9.8846767  0.2568200  0.0030620 
9.8925124  0.2546090  0.0019040 
9.9003461  0.2532090  0.0028540 
9.9081779  0.2428450  0.0138350 
9.9160088  0.2590570  0.0028580 
9.9238386  0.2561930  0.0034630 
9.9316675  0.2621020  0.0035670 
9.9394934  0.2598910  0.0029040 
9.9473194  0.2571800  0.0028410 
9.9551444  0.2657000  0.0038470 
9.9629674  0.2647830  0.0039010 
9.9707885  0.2619700  0.0025250 
9.9786096  0.2681680  0.0028570 
9.9864298  0.2633870  0.0032590 
9.9942470  0.2692820  0.0024380 
10.0020642  0.2659010  0.0022200 
10.0098794  0.2696530  0.0034110 
10.0176937  0.2710600  0.0021520 
10.0255070  0.2679350  0.0022170 
10.0333184  0.2729460  0.0035560 
10.0411288  0.2717880  0.0022500 
10.0489383  0.2702830  0.0040930 
10.0567457  0.2732720  0.0046940 
10.0645523  0.2809790  0.0035190 
10.0724045  0.2777070  0.0032170 
10.0802090  0.2787610  0.0051310 
10.0880117  0.2778680  0.0040960 
10.0958123  0.2855610  0.0050870 
10.1036130  0.2830070  0.0032180 
10.1114127  0.2806290  0.0053030 
10.1192095  0.2802090  0.0036200 
10.1270073  0.2811460  0.0019480 
10.1348012  0.2758890  0.0023750 
10.1425960  0.2806700  0.0015020 
10.1503879  0.2808130  0.0029900 
10.1581789  0.2790200  0.0021140 
10.1659689  0.2817930  0.0028090 
10.1737579  0.2802940  0.0025570 
10.1815459  0.2822320  0.0038990 
10.1893320  0.2873040  0.0024050 
10.1971162  0.2929730  0.0029770 
10.2048994  0.2835890  0.0029320 
10.2171794  0.2913100  0.0194350 
10.2254507  0.2840030  0.0056520 
10.2337219  0.2871640  0.0033070 
10.2419893  0.2891650  0.0056460 
10.2502567  0.2877810  0.0039810 
10.2585221  0.2849190  0.0049720 
10.2667856  0.2883600  0.0046790 
10.2750491  0.2926290  0.0104040 
10.2833106  0.2840530  0.0047540 
10.2915712  0.2967000  0.0046360 
10.2998289  0.2886440  0.0042780 
10.3080865  0.2946660  0.0067660 
10.3163413  0.2937220  0.0046950 
10.3245960  0.2957260  0.0042550 
10.3328498  0.2939810  0.0066520 
10.3411006  0.2905780  0.0056970 
10.3493515  0.3022250  0.0041870 
10.3576004  0.2972360  0.0037630 
10.3658483  0.2976300  0.0039520 
10.3740943  0.3043460  0.0027460 
10.3823393  0.2996910  0.0026380 
10.3905824  0.3001260  0.0040540 
10.3988245  0.2994420  0.0030570 
10.4070656  0.3037630  0.0027460 
10.4153048  0.3024830  0.0033070 
10.4235421  0.3027700  0.0038630 
10.4317803  0.3064670  0.0050930 
10.4400156  0.3101920  0.0050780 
10.4482489  0.3114920  0.0039320 
10.4564813  0.3107070  0.0051170 
10.4647127  0.3208010  0.0038220 
10.4729421  0.3241450  0.0031590 
10.4811706  0.3393450  0.0059870 
10.4893972  0.3473330  0.0044130 
10.4976237  0.3691230  0.0038550 
10.5058474  0.4552740  0.0088560 
10.5140719  0.5593120  0.0073720 
10.5222927  0.4916400  0.0061500 
10.5305134  0.3590560  0.0030890 
10.5387331  0.3267720  0.0027960 
10.5469499  0.3209410  0.0031670 
10.5551658  0.3186640  0.0031530 
10.5633807  0.3236300  0.0031180 
10.5715946  0.3182200  0.0020970 
10.5798055  0.3228700  0.0042720 
10.5880165  0.3187660  0.0030440 
10.5962256  0.3271860  0.0030190 
10.6044336  0.3217560  0.0034040 
10.6126417  0.3285850  0.0025750 
10.6208459  0.3212020  0.0039790 
10.6290501  0.3263910  0.0026460 
10.6372523  0.3235190  0.0035830 
10.6454545  0.3219960  0.0029620 
10.6536539  0.3263970  0.0029350 
10.6618522  0.3292410  0.0028950 
10.6700496  0.3274990  0.0024970 
10.6782460  0.3304230  0.0026290 
10.6864404  0.3339890  0.0020060 
10.6947000  0.3329240  0.0055640 
10.6990005  0.3278310  0.0040490 
10.7077365  0.3266980  0.0026240 
10.7164716  0.3287590  0.0025920 
10.7252047  0.3318660  0.0026260 
10.7339368  0.3342740  0.0028290 
10.7426699  0.3298980  0.0028390 
10.7513991  0.3252660  0.0031240 
10.7601264  0.3410270  0.0048190 
10.7688527  0.3286000  0.0028000 
10.7775771  0.3316730  0.0021990 
10.7863004  0.3341600  0.0024370 
10.7950219  0.3382310  0.0048320 
10.8037423  0.3384020  0.0039270 
10.8124609  0.3342370  0.0057290 
10.8211784  0.3394760  0.0032520 
10.8298940  0.3392780  0.0038290 
10.8386087  0.3402400  0.0045680 
10.8473223  0.3446030  0.0040050 
10.8560331  0.3356680  0.0041060 
10.8647438  0.3396980  0.0041110 
10.8734526  0.3381190  0.0028370 
10.8821595  0.3446190  0.0051150 
10.8908644  0.3415070  0.0050490 
10.8995693  0.3425410  0.0046100 
10.9082722  0.3472230  0.0031170 
10.9169733  0.3414670  0.0029750 
10.9256733  0.3460840  0.0070340 
10.9343724  0.3477930  0.0042270 
10.9430705  0.3494930  0.0044350 
10.9517657  0.3482050  0.0030010 
10.9604599  0.3479060  0.0032410 
10.9691522  0.3464370  0.0022660 
10.9778425  0.3523360  0.0043340 
10.9865318  0.3488950  0.0038550 
10.9952202  0.3542200  0.0034230 
11.0039067  0.3510810  0.0036330 
11.0125921  0.3508410  0.0052110 
11.0212756  0.3523860  0.0050650 
11.0299592  0.3502150  0.0039960 
11.0386398  0.3541090  0.0044100 
11.0473184  0.3602900  0.0030890 
11.0559971  0.3608760  0.0071660 
11.0646728  0.3576340  0.0025540 
11.0733486  0.3602080  0.0040900 
11.0820224  0.3600350  0.0034530 
11.0906942  0.3628570  0.0030780 
11.0993651  0.3569390  0.0029860 
11.1080340  0.3617390  0.0042030 
11.1167030  0.3639510  0.0041620 
11.1253690  0.3663390  0.0031790 
11.1340331  0.3703770  0.0031490 
11.1426971  0.3703200  0.0035450 
11.1513593  0.3768600  0.0035030 
11.1600204  0.3828640  0.0029080 
11.1686787  0.3854510  0.0029250 
11.1773379  0.3948230  0.0031040 
11.1859932  0.4020280  0.0027660 
11.1946485  0.4092830  0.0047240 
11.2033019  0.4176610  0.0035050 
11.2119533  0.4212490  0.0026370 
11.2206048  0.4219190  0.0039900 
11.2292533  0.4194400  0.0031540 
11.2379018  0.4197600  0.0040550 
11.2465474  0.4165000  0.0048370 
11.2551930  0.4221840  0.0034360 
11.2638357  0.4242890  0.0061870 
11.2724774  0.4233070  0.0035170 
11.2811181  0.4227000  0.0032820 
11.2897569  0.4261390  0.0035150 
11.2983947  0.4244160  0.0034170 
11.3070316  0.4253780  0.0029920 
11.3156665  0.4281280  0.0028980 
11.3242985  0.4222250  0.0044150 
11.3329315  0.4216680  0.0042490 
11.3415625  0.4244830  0.0037190 
11.3501915  0.4105000  0.0038050 
11.3588187  0.4184910  0.0366040 
11.3674458  0.4105160  0.0044260 
11.3841750  0.4168480  0.0041870 
11.3934050  0.3976860  0.0045840 
11.4026349  0.4082700  0.0071990 
11.4118619  0.4120180  0.0066450 
11.4210870  0.4006590  0.0233620 
11.4303111  0.4104370  0.0063420 
11.4395343  0.4074150  0.0055960 
11.4487555  0.4119720  0.0067350 
11.4579757  0.4082420  0.0054690 
11.4671930  0.4063740  0.0045620 
11.4764103  0.4073660  0.0318470 
11.4856247  0.4140110  0.0054920 
11.4948401  0.4102930  0.0046730 
11.5040544  0.4124560  0.0050120 
11.5132649  0.4081170  0.0043470 
11.5224735  0.4169670  0.0040500 
11.5316791  0.4140270  0.0046300 
11.5408858  0.4116130  0.0032300 
11.5500904  0.4089450  0.0035390 
11.5592922  0.4142470  0.0036900 
11.5684930  0.4156970  0.0030870 
11.5776937  0.4178780  0.0034240 
11.5868896  0.4152750  0.0085400 
11.5960865  0.4149080  0.0059700 
11.6052805  0.4150310  0.0052320 
11.6144745  0.4136960  0.0045340 
11.6236665  0.4168670  0.0047380 
11.6328556  0.4162540  0.0046220 
11.6420447  0.4184750  0.0047950 
11.6512319  0.4229360  0.0040190 
11.6604171  0.4199050  0.0037140 
11.6696004  0.4194070  0.0029240 
11.6787837  0.4190250  0.0037030 
11.6879631  0.4193810  0.0058770 
11.6971434  0.4253570  0.0057750 
11.7063209  0.4213310  0.0077520 
11.7154973  0.4271190  0.0061920 
11.7246719  0.4265650  0.0041530 
11.7338454  0.4348740  0.0043090 
11.7430160  0.4280830  0.0044110 
11.7521867  0.4305190  0.0045450 
11.7613554  0.4301750  0.0031900 
11.7705221  0.4295800  0.0049730 
11.7796869  0.4296440  0.0058570 
11.7888517  0.4258720  0.0056270 
11.7980126  0.4307680  0.0060360 
11.8071745  0.4335220  0.0056530 
11.8163335  0.4407310  0.0053760 
11.8254915  0.4328720  0.0395390 
11.8346485  0.4358330  0.0049620 
11.8438026  0.4350000  0.0047450 
11.8529548  0.4368670  0.0066890 
11.8621070  0.4363760  0.0071100 
11.8712572  0.4425250  0.0063460 
11.8804064  0.4386530  0.0055310 
11.8895527  0.4401810  0.0062650 
11.8986981  0.4378130  0.0044870 
11.9078415  0.4461660  0.0056270 
11.9169840  0.4381850  0.0045610 
11.9261254  0.4455650  0.0051620 
11.9352640  0.4499150  0.0073720 
11.9444035  0.4482280  0.0058700 
11.9535391  0.4444480  0.0060420 
11.9626738  0.4520870  0.0459320 
11.9718075  0.4524600  0.0067540 
11.9809383  0.4600170  0.0395510 
11.9900700  0.4576930  0.0055620 
11.9991979  0.4520470  0.0064920 
12.0083257  0.4579920  0.0083660 
12.0174507  0.4594720  0.0061530 
12.0265756  0.4601610  0.0063540 
12.0356986  0.4614240  0.0057690 
12.0448187  0.4615920  0.0062140 
12.0539387  0.4587840  0.0068320 
12.0649898  0.4584900  0.0086050 
12.0747944  0.4491150  0.0081390 
12.0845970  0.4523970  0.0063230 
12.0943947  0.4644820  0.0065680 
12.1041906  0.4560270  0.0070410 
12.1139815  0.4575540  0.0071510 
12.1237744  0.4646080  0.0085690 
12.1335644  0.4685160  0.0077020 
12.1433534  0.4680100  0.0078080 
12.1531395  0.4616060  0.0045920 
12.1629237  0.4658350  0.0051920 
12.1727078  0.4704930  0.0054320 
12.1824900  0.4687540  0.0062380 
12.1922693  0.4688950  0.0054950 
12.2020486  0.4584750  0.0136190 
12.2118250  0.4692060  0.0060900 
12.2216004  0.4708510  0.0061120 
12.2313729  0.4668920  0.0055710 
12.2411444  0.4744110  0.0049690 
12.2509140  0.4738190  0.0056810 
12.2606835  0.4699540  0.0065180 
12.2704502  0.4727710  0.0219740 
12.2802149  0.5350750  0.0603310 
12.2899796  0.4993060  0.0092300 
12.2997453  0.4706990  0.0045920 
12.3095100  0.4793720  0.0045290 
12.3192679  0.4759320  0.0050030 
12.3290258  0.4827160  0.0051060 
12.3387798  0.4822010  0.0026250 
12.3485328  0.4870940  0.0024400 
12.3582859  0.4867480  0.0025140 
12.3680350  0.4870510  0.0023560 
12.3777842  0.4898030  0.0346060 
12.3875314  0.4847010  0.0248600 
12.3972766  0.4845860  0.0027340 
12.4070199  0.4879510  0.0026190 
12.4167613  0.4917050  0.0030890 
12.4265017  0.4887820  0.0026480 
12.4362411  0.4880590  0.0181760 
12.4459776  0.4898700  0.0042100 
12.4557122  0.4959400  0.0051950 
12.4654468  0.4909010  0.0036330 
12.4751784  0.4890760  0.0051730 
12.4849091  0.4932310  0.0046410 
12.4946378  0.4958330  0.0046500 
12.5043656  0.4954160  0.0042870 
12.5140914  0.4956490  0.0045510 
12.5238143  0.4937270  0.0051590 
12.5335372  0.5007080  0.0054630 
12.5432581  0.4972320  0.0057790 
12.5529762  0.4994080  0.0023710 
12.5626942  0.5012550  0.0024450 
12.5724093  0.4998370  0.0029390 
12.5821235  0.5008870  0.0030480 
12.5918367  0.5051690  0.0028730 
12.6015469  0.5030850  0.0027590 
12.6112552  0.5041120  0.0031180 
12.6209635  0.5054300  0.0035900 
12.6306699  0.5066210  0.0026110 
12.6403743  0.5006280  0.0030200 
12.6500758  0.5093830  0.0034880 
12.6597764  0.5119030  0.0038320 
12.6694769  0.5068020  0.0033680 
12.6791745  0.5108140  0.0041360 
12.6888712  0.5113500  0.0040330 
12.6985649  0.5080950  0.0043440 
12.7082586  0.5144320  0.0038340 
12.7179494  0.5137310  0.0028700 
12.7276393  0.5071390  0.0029940 
12.7373272  0.5157030  0.0031720 
12.7470141  0.5154180  0.0035030 
12.7566981  0.5231590  0.0034550 
12.7663811  0.5217950  0.0039950 
12.7760632  0.5351860  0.0073640 
12.7857433  0.5356540  0.0054970 
12.7954215  0.5591870  0.0050900 
12.8050977  0.6503350  0.0469500 
12.8147730  0.9028940  0.0052340 
12.8244463  0.8169370  0.0108030 
12.8341176  0.6046510  0.0067380 
12.8345163  0.6001370  0.0066710 
12.8449587  0.5384960  0.0043520 
12.8554020  0.5218420  0.0038400 
12.8658415  0.5243370  0.0048120 
12.8762800  0.5078680  0.0052540 
12.8867146  0.5058150  0.0046720 
12.8971502  0.5088370  0.0040970 
12.9075829  0.5121900  0.0043290 
12.9180146  0.5174870  0.0056380 
12.9284434  0.5097300  0.0037190 
12.9388712  0.5159480  0.0036550 
12.9492970  0.5137730  0.0041220 
12.9597200  0.5178020  0.0050550 
12.9701507  0.5123510  0.0039020 
12.9805785  0.5147660  0.0049430 
12.9909966  0.5151120  0.0057590 
13.0014137  0.5092350  0.0036310 
13.0118289  0.5036420  0.0048690 
13.0222411  0.5172020  0.0054910 
13.0326534  0.5153280  0.0049200 
13.0430637  0.5105040  0.0406250 
13.0534711  0.5170810  0.0034520 
13.0638765  0.5119790  0.0049570 
13.0742810  0.5185340  0.0057740 
13.0845017  0.5203930  0.0057610 
13.0949023  0.5293070  0.0040370 
13.1053019  0.5348530  0.0063200 
13.1156986  0.5327780  0.0065520 
13.1260943  0.5246630  0.0050070 
13.1364881  0.5178530  0.0043020 
13.1468789  0.5164870  0.0034420 
13.1572688  0.5174760  0.0051640 
13.1676568  0.5221800  0.0051140 
13.1780438  0.5183080  0.0050630 
13.1884288  0.5209440  0.0047180 
13.1988119  0.5151580  0.0065530 
13.2091930  0.5200380  0.0053520 
13.2195732  0.5217170  0.0061390 
13.2299504  0.5263240  0.0059540 
13.2403267  0.5209510  0.0043600 
13.2507000  0.5231730  0.0060320 
13.2610724  0.5272740  0.0050930 
13.2712572  0.5137910  0.0057490 
13.2816257  0.5249290  0.0054110 
13.2919932  0.5187010  0.0430040 
13.3023588  0.5238780  0.0045870 
13.3127224  0.5316860  0.0051680 
13.3230831  0.5305780  0.0053070 
13.3334448  0.5332420  0.0050460 
13.3438017  0.5242520  0.0043580 
13.3541585  0.5360470  0.0042950 
13.3645124  0.5331140  0.0050880 
13.3748663  0.5327760  0.0050400 
13.3852183  0.5361850  0.0054770 
13.3955673  0.5405310  0.0044100 
13.4059154  0.5282120  0.0058110 
13.4162606  0.5322810  0.0058110 
13.4266048  0.5424730  0.0063220 
13.4369480  0.5417390  0.0058950 
13.4472893  0.5446840  0.0051220 
13.4576286  0.5407020  0.0054270 
13.4679660  0.5419630  0.0054980 
13.4783004  0.5648140  0.0529040 
13.4886349  0.5503000  0.0056520 
13.4989674  0.5494870  0.0047160 
13.5092980  0.5550780  0.0050020 
13.5196266  0.5520790  0.0060300 
13.5299543  0.5543890  0.0061930 
13.5402781  0.5566060  0.0055830 
13.5506018  0.5589030  0.0046680 
13.5609246  0.5528990  0.0048340 
13.5712445  0.5492640  0.0056100 
13.5815625  0.5563600  0.0060150 
13.5918794  0.5500430  0.0057330 
13.6021945  0.5629530  0.0044780 
13.6125066  0.5593390  0.0047810 
13.6228177  0.5587770  0.0055430 
13.6331288  0.5611100  0.0057720 
13.6434361  0.5632410  0.0052850 
13.6537433  0.5624640  0.0053830 
13.6640476  0.5593780  0.0049230 
13.6743510  0.5666120  0.0051270 
13.6846514  0.5586090  0.0069900 
13.6949509  0.5632350  0.0049010 
13.7052484  0.5562460  0.0058030 
13.7155450  0.5694040  0.0041770 
13.7258386  0.5625080  0.0053930 
13.7361313  0.5489100  0.0067040 
13.7464220  0.5673210  0.0059520 
13.7567117  0.5787960  0.0092760 
13.7669995  0.5639630  0.0059030 
13.7772844  0.5600100  0.0065970 
13.7875693  0.5683190  0.0082930 
13.7978522  0.5583710  0.0058920 
13.8113768  0.5573950  0.0056250 
13.8225357  0.5567550  0.0047990 
13.8336928  0.5732460  0.0090800 
13.8448478  0.5655920  0.0061370 
13.8560000  0.5695900  0.0088100 
13.8671512  0.5643510  0.0066930 
13.8783014  0.5779540  0.0081320 
13.8894633  0.5619920  0.0083540 
13.9006213  0.5811630  0.0067570 
13.9117647  0.5786540  0.0055000 
13.9229071  0.5792650  0.0042290 
13.9340467  0.5799600  0.0043480 
13.9451852  0.5819120  0.0040000 
13.9563209  0.5890390  0.0038630 
13.9674555  0.5836730  0.0055280 
13.9785873  0.5832380  0.0162370 
13.9897180  0.5887770  0.0058420 
14.0008459  0.5866190  0.0039810 
14.0119728  0.5776520  0.0039630 
14.0230977  0.5781430  0.0039690 
14.0342207  0.5929980  0.0041980 
14.0453418  0.5950770  0.0063850 
14.0564609  0.5917460  0.0040310 
14.0675780  0.5887520  0.0039380 
14.0786942  0.5870050  0.0069460 
14.0895722  0.5924080  0.0046950 
14.1006835  0.5847940  0.0066100 
14.1117939  0.5986110  0.0047060 
14.1229013  0.5774010  0.0050050 
14.1340068  0.5999960  0.0064590 
14.1451104  0.5946380  0.0059430 
14.1562129  0.5944980  0.0496900 
14.1673126  0.5924260  0.0058900 
14.1784113  0.5932760  0.0495060 
14.1895070  0.5862120  0.0449540 
14.2003646  0.5966150  0.0085160 
14.2114575  0.5957930  0.0065360 
14.2225474  0.5973370  0.0394190 
14.2336364  0.5972820  0.0064510 
14.2447224  0.6131250  0.0062250 
14.2558075  0.6226400  0.0061810 
14.2668896  0.6324280  0.0140120 
14.2779718  0.6565040  0.0056200 
14.2890510  0.6800940  0.0059990 
14.3001283  0.6984760  0.0081250 
14.3112037  0.8185740  0.0141250 
14.3222771  1.0163990  0.0107700 
14.3333495  0.9768780  0.0100970 
14.3444191  0.7489070  0.0071790 
14.3554866  0.6700270  0.0066330 
14.3665542  0.6527370  0.0071980 
14.3776179  0.6417340  0.0067140 
14.3886806  0.6395360  0.0069110 
14.3997404  0.6355050  0.0056540 
14.4107992  0.6325310  0.0061180 
14.4218571  0.6329510  0.0070430 
14.4329120  0.6245390  0.0067060 
14.4439650  0.6322040  0.0061060 
14.4550160  0.6340430  0.0054790 
14.4660661  0.6235060  0.0058620 
14.4771133  0.6487560  0.0071410 
14.4881604  0.6359930  0.0050490 
14.4992047  0.6347860  0.0047980 
14.5102460  0.6395620  0.0063510 
14.5212863  0.6456090  0.0045790 
14.5323247  0.6417680  0.0055960 
14.5433622  0.6372880  0.0046980 
14.5543957  0.6506650  0.0040550 
14.5654293  0.6475460  0.0061640 
14.5764609  0.6422920  0.0048620 
14.5874895  0.6503950  0.0040120 
14.5985173  0.6454370  0.0070890 
14.6095430  0.6435210  0.0054210 
14.6205659  0.6490340  0.0083380 
14.6315887  0.6438240  0.0064890 
14.6426087  0.6539830  0.0059940 
14.6536276  0.6484860  0.0090570 
14.6646437  0.6497130  0.0074390 
14.6756587  0.6481200  0.0080570 
14.6866719  0.6553030  0.0081990 
14.6976821  0.6687000  0.0078800 
14.7086923  0.6540430  0.0107020 
14.7196986  0.6655710  0.0095940 
14.7307049  0.6621430  0.0045850 
14.7417083  0.6441370  0.0083180 
14.7524579  0.6828050  0.0084840 
14.7634575  0.7014710  0.0115730 
14.7744560  0.6640600  0.0078290 
14.7904570  0.6665690  0.0065620 
14.8021731  0.6640880  0.0080640 
14.8141779  0.6455440  0.0071910 
14.8261799  0.6680530  0.0056040 
14.8381789  0.6504410  0.0083690 
14.8501770  0.6724420  0.0135170 
14.8622158  0.6562570  0.0091590 
14.8742090  0.6719390  0.0125580 
14.8859105  0.6804140  0.0078300 
14.8978989  0.6670100  0.0104650 
14.9098862  0.6860440  0.0084290 
14.9218717  0.6696760  0.0092100 
14.9338551  0.6846130  0.0105360 
14.9458367  0.6900150  0.0091270 
14.9578153  0.6788480  0.0086290 
14.9697919  0.6892400  0.0082570 
14.9817676  0.6753820  0.0099180 
14.9937404  0.6962600  0.0090860 
15.0057112  0.6789410  0.0067790 
15.0176801  0.6813100  0.0085020 
15.0296480  0.7005270  0.0075360 
15.0416130  0.6813700  0.0064060 
15.0535751  0.6960150  0.0083500 
15.0655362  0.6820890  0.0069500 
15.0774954  0.6849220  0.0089510 
15.0894516  0.7014660  0.0064780 
15.1014069  0.6836670  0.0051580 
15.1133593  0.7055760  0.0077400 
15.1253097  0.6979250  0.0053990 
15.1372581  0.6977580  0.0049920 
15.1492056  0.7129820  0.0058500 
15.1611502  0.6878240  0.0045470 
15.1730929  0.7066040  0.0077800 
15.1847341  0.6961170  0.0063180 
15.1966728  0.6932880  0.0060960 
15.2086096  0.7144490  0.0076860 
15.2205435  0.7045650  0.0087540 
15.2324754  0.7117730  0.0087230 
15.2444521  0.6973440  0.0071380 
15.2563811  0.6953070  0.0067230 
15.2683072  0.7096210  0.0067000 
15.2802314  0.7051600  0.0103290 
15.2921546  0.7108610  0.0093740 
15.3040739  0.7211840  0.0090180 
15.3156889  0.7026460  0.0059950 
15.3276043  0.7206180  0.0074860 
15.3395187  0.7137410  0.0083200 
15.3514312  0.7163960  0.0090310 
15.3633408  0.7194850  0.0081130 
15.3752494  0.7220190  0.0083840 
15.3871551  0.7281900  0.0068570 
15.3990598  0.7209850  0.0080770 
15.4109616  0.7132550  0.0053780 
15.4228614  0.7347120  0.0088880 
15.4347603  0.7244180  0.0073440 
15.4466573  0.7234580  0.0062600 
15.4585493  0.7540790  0.0078520 
15.4704424  0.7336540  0.0074120 
15.4823316  0.7708910  0.0070000 
15.4942207  0.7705500  0.0067330 
15.5061060  0.7935040  0.0056330 
15.5179912  0.8254020  0.0063970 
15.5298736  0.8815040  0.0066160 
15.5417540  1.0484450  0.0087750 
15.5536315  1.4002320  0.0095420 
15.5655080  1.4847350  0.0108740 
15.5773836  1.1407730  0.0125940 
15.5892543  0.8581270  0.0078310 
15.6011249  0.7796960  0.0062570 
15.6129937  0.7782050  0.0067350 
15.6248595  0.7458610  0.0061730 
15.6367244  0.7633620  0.0058890 
15.6482742  0.7543460  0.0054920 
15.6600856  0.7332590  0.0228260 
15.6719426  0.7691470  0.0073680 
15.6837987  0.7414420  0.0093110 
15.6956529  0.7418920  0.0077710 
15.7075051  0.7535420  0.0076950 
15.7193544  0.7451650  0.0076150 
15.7312037  0.7649450  0.0070400 
15.7430501  0.7551900  0.0090970 
15.7545775  0.7526540  0.0093010 
15.7664200  0.7538110  0.0082880 
15.7782615  0.7666050  0.0084370 
15.7900982  0.7526610  0.0104070 
15.8019358  0.7799950  0.0097420 
15.8137696  0.7770040  0.0119480 
15.8256004  0.7839390  0.0099830 
15.8374322  0.7759100  0.0111360 
15.8492601  0.7601790  0.0141980 
15.8610870  0.8020090  0.0151230 
15.8729130  0.7764320  0.0100280 
15.8847331  0.7645440  0.0110210 
15.8965542  0.7800830  0.0095930 
15.9083743  0.7455910  0.0135870 
15.9201915  0.7934880  0.0124020 
15.9320039  0.7763040  0.0096460 
15.9438172  0.7939670  0.0096620 
15.9556286  0.7635120  0.0079120 
15.9674380  0.8381920  0.0713900 
15.9792455  0.7845290  0.0101180 
15.9910510  0.7836930  0.0091170 
16.0028537  0.7926210  0.0528020 
16.0146553  0.8066180  0.0073410 
16.0264541  0.7710070  0.0112540 
16.0382265  0.7978210  0.0105530 
16.0430569  0.7841800  0.0236670 
16.0560253  0.8034620  0.0143740 
16.0689937  0.7945170  0.0137760 
16.0815877  0.7992460  0.0107510 
16.0945513  0.8050300  0.0110730 
16.1075100  0.8091280  0.0131350 
16.1204696  0.7896480  0.0130660 
16.1334244  0.7947360  0.0124530 
16.1463782  0.8001350  0.0128250 
16.1593301  0.7966270  0.0138190 
16.1722800  0.8105530  0.0120850 
16.1852261  0.7997570  0.0122100 
16.1981731  0.7986930  0.0149860 
16.2111172  0.8281670  0.0170770 
16.2240914  0.7958130  0.0128360 
16.2370316  0.8320410  0.0134130 
16.2500019  0.8157030  0.0100510 
16.2629353  0.8323130  0.0072540 
16.2758687  0.8352750  0.0078060 
16.2888002  0.8192130  0.0075890 
16.3017278  0.8452120  0.0084380 
16.3146534  0.8405170  0.0104780 
16.3275761  0.8243160  0.0087160 
16.3401176  0.8425500  0.0099130 
16.3530365  0.8253370  0.0134080 
16.3659524  0.8429750  0.0092480 
16.3788673  0.8431520  0.0117240 
16.3917803  0.8325860  0.0114540 
16.4043072  0.8469300  0.0126340 
16.4172144  0.8494130  0.0111470 
16.4301215  0.8510770  0.0100190 
16.4430238  0.8483490  0.0104950 
16.4559251  0.8729570  0.0129610 
16.4688235  0.8459700  0.0097640 
16.4817210  0.8602780  0.0110570 
16.4946135  0.8515900  0.0103860 
16.5075061  0.8509360  0.0092310 
16.5203967  0.8785550  0.0098250 
16.5332854  0.8476850  0.0076360 
16.5461721  0.8659900  0.0100980 
16.5590559  0.8614020  0.0094120 
16.5719368  0.8568810  0.0079020 
16.5848167  0.8600070  0.0069740 
16.5976937  0.8776530  0.0070610 
16.6105678  0.8569910  0.0151900 
16.6234419  0.8848550  0.0070210 
16.6363140  0.8842510  0.0079320 
16.6491823  0.8613070  0.0086810 
16.6620486  0.8707410  0.0072600 
16.6749130  0.8788540  0.0076840 
16.6873845  0.8508330  0.0214630 
16.7002440  0.8765120  0.0107250 
16.7131026  0.8725100  0.0091060 
16.7259582  0.8745620  0.0111170 
16.7388119  0.8816780  0.0120010 
16.7512708  0.8638550  0.0118490 
16.7641186  0.8801720  0.0107820 
16.7769645  0.8805600  0.0166890 
16.7898085  0.8778690  0.0151650 
16.8026524  0.8693720  0.0133340 
16.8154934  0.8818060  0.0139690 
16.8283306  0.8909890  0.0136180 
16.8411667  0.8758120  0.0070210 
16.8540000  0.8824790  0.0100830 
16.8668333  0.8873480  0.0085300 
16.8796626  0.8560450  0.0090020 
16.8924920  0.9063950  0.0082330 
16.9053155  0.8887370  0.0071670 
16.9181400  0.9037220  0.0086800 
16.9309616  0.8880210  0.0069250 
16.9437803  0.9037530  0.0065120 
16.9565980  0.8976350  0.0061090 
16.9694127  0.8851100  0.0068320 
16.9822256  0.9080000  0.0071330 
16.9950345  0.9019450  0.0099760 
17.0078454  0.9045790  0.0111790 
17.0206524  0.9007650  0.0135570 
17.0330540  1.0183970  0.0189040 
17.0458551  1.0186150  0.0146960 
17.0586553  0.9321020  0.0100910 
17.0714526  0.8870930  0.0121590 
17.0838444  0.9127360  0.0101190 
17.0970433  0.9137790  0.0143270 
17.1098357  0.9064940  0.0150870 
17.1221789  0.9106580  0.0149290 
17.1349635  0.9123830  0.0156220 
17.1477073  0.9581510  0.0215520 
17.1604910  0.9180910  0.0165500 
17.1732698  0.8858480  0.0117250 
17.1860476  0.9314130  0.0143210 
17.1988255  0.9205980  0.0127580 
17.2115984  0.9083300  0.0105360 
17.2243724  0.9223340  0.0169300 
17.2371424  0.9258950  0.0089270 
17.2499086  0.9261110  0.0085220 
17.2626757  0.9143130  0.0083790 
17.2754400  0.9396490  0.0070080 
17.2882003  0.9179590  0.0161770 
17.3009616  0.9375310  0.0098280 
17.3137180  0.8875820  0.0069200 
17.3264735  0.9469990  0.0107610 
17.3392290  0.9419370  0.0081500 
17.3519806  0.9226600  0.0072080 
17.3647282  0.9376990  0.0130840 
17.3774759  0.9515630  0.0084450 
17.3902217  0.8922350  0.0101120 
17.4025503  0.9560800  0.0105660 
17.4162168  0.9329020  0.0085550 
17.4303364  0.9472130  0.0109360 
17.4444531  0.9403560  0.0125810 
17.4580914  0.9345560  0.0158950 
17.4722032  0.9460700  0.0152220 
17.4863131  0.9549420  0.0156130 
17.5004181  0.9408000  0.0174810 
17.5140447  0.9491630  0.0154430 
17.5281468  0.9295440  0.0121260 
17.5422460  0.9481790  0.0133000 
17.5563422  0.9419900  0.0142470 
17.5704366  0.9520680  0.0116150 
17.5845309  0.9508220  0.0118370 
17.5986193  0.9386310  0.0151830 
17.6127078  0.9799500  0.0186380 
17.6267905  0.9388440  0.0160690 
17.6408741  0.9569820  0.0150410 
17.6549548  0.9588240  0.0113410 
17.6690326  0.9632200  0.0126250 
17.6831084  0.9350360  0.0146500 
17.6972397  0.9670210  0.0130870 
17.7113116  0.9399910  0.0154090 
17.7248362  0.9689080  0.0164470 
17.7390170  0.9817870  0.0125610 
17.7530822  0.9625310  0.0124120 
17.7671424  0.9672530  0.0185390 
17.7812018  0.9650760  0.0162840 
17.7947710  0.9549210  0.0133620 
17.8088245  0.9570640  0.0161310 
17.8228741  0.9923610  0.0150990 
17.8369237  0.9727260  0.0139330 
17.8509713  0.9733210  0.0096600 
17.8650151  0.9922070  0.0096410 
17.8790579  0.9846980  0.0118310 
17.8930977  0.9810420  0.0102670 
17.9071347  0.9818710  0.0093780 
17.9211697  0.9846290  0.0083810 
17.9352047  0.9974410  0.0085840 
17.9492338  0.9952680  0.0148450 
17.9632630  0.9683810  0.0085020 
17.9772902  1.0165700  0.0678460 
17.9913126  1.0083750  0.0170330 
18.0048391  0.9704730  0.0116600 
18.0188566  0.9771120  0.0147830 
18.0328731  0.9863500  0.0158590 
18.0463909  0.9688180  0.0125920 
18.0604016  0.9749950  0.0130650 
18.0744103  0.9940730  0.0150930 
18.0884171  0.9643100  0.0154280 
18.1024210  0.9921030  0.0133900 
18.1164220  0.9811680  0.0140390 
18.1304239  0.9852300  0.0125490 
18.1444210  0.9868310  0.0160790 
18.1584152  1.0048380  0.0792160 
18.1724093  0.9571320  0.0102940 
18.1863996  1.0033510  0.0145230 
18.2003860  0.9900760  0.0103640 
18.2143724  0.9767970  0.0075130 
18.2283559  1.0066300  0.0086390 
18.2423384  1.0097440  0.0111400 
18.2563179  0.9838110  0.0098880 
18.2702936  0.9708970  0.0102830 
18.2837628  0.9888800  0.0126260 
18.2977346  0.9825110  0.0099710 
18.3117044  1.0062480  0.0174360 
18.3251638  0.9983140  0.0144760 
18.3391288  0.9907520  0.0096880 
18.3530909  1.0039200  0.0186840 
18.3670501  0.9969830  0.0064130 
18.3810102  1.0159970  0.0130440 
18.3949635  1.0113090  0.0089120 
18.4089169  1.0135420  0.0096600 
18.4228683  1.0129090  0.0089060 
18.4368158  0.9950130  0.0099890 
18.4507632  1.0057520  0.0091170 
18.4647078  1.0617770  0.0061800 
18.4786495  1.0050100  0.0098900 
18.4925882  0.9851460  0.0109270 
18.5065260  1.0145670  0.0101740 
18.5204609  1.0120820  0.0113220 
18.5343957  1.0043410  0.0110360 
18.5482596  1.0614690  0.0663370 
18.5616082  1.0124210  0.0145620 
18.5755323  1.0093300  0.0134480 
18.5894555  0.9985980  0.0270000 
18.6033777  1.0256730  0.0137820 
18.6172951  1.0299400  0.0157020 
18.6306942  1.0526700  0.0145300 
18.6446087  1.0066810  0.0145010 
18.6585192  1.0129110  0.0137720 
18.6724278  1.0422400  0.0164330 
18.6863345  1.0886010  0.0157290 
18.7002392  1.1508670  0.0148540 
18.7141429  1.3784600  0.0177290 
18.7280418  1.3389860  0.0182910 
18.7419397  1.0570770  0.0138340 
18.7558376  1.1141180  0.0125240 
18.7697307  1.0108440  0.0110780 
18.7836208  1.0445260  0.0097210 
18.7975119  1.0321330  0.0098150 
18.8113982  1.0244330  0.0128080 
18.8252825  1.0420530  0.0141380 
18.8391648  1.0669490  0.0100600 
18.8525192  0.9555200  0.0102960 
18.8663967  1.0382800  0.0164460 
18.8802722  1.0256710  0.0187110 
18.8941458  1.0549500  0.0193460 
18.9078794  0.9716140  0.0157310 
18.9628099  1.1357670  0.0139580 
18.9779339  1.1317590  0.0120460 
18.9930384  1.1419830  0.0072330 
19.0081264  1.1632460  0.0067790 
19.0380506  1.1412970  0.1110840 
19.0530909  1.1308580  0.0046960 
19.0681157  1.1375130  0.0068600 
19.0831240  1.1628890  0.0047450 
19.0981176  1.1416250  0.0083180 
19.1130948  1.1068660  0.0794030 
19.1280544  1.1444530  0.0151690 
19.1430005  1.1162650  0.0258520 
19.1728206  1.1505560  0.0083390 
19.1875197  1.1403270  0.0676700 
19.2024016  1.1411910  0.0060700 
19.2172688  1.1428170  0.0095070 
19.2321196  1.1225410  0.0238820 
19.2469538  1.1631740  0.1528840 
19.2617735  1.1137870  0.0180390 
19.2765795  1.1014700  0.0188540 
19.2913670  1.1105730  0.0145930 
19.3061400  1.0838020  0.0096840 
19.3208984  1.0817780  0.0124780 
19.3356412  1.1337430  0.0088130 
19.3503481  1.0917150  0.0347750 
19.3650579  1.0915020  0.0069210 
19.3797560  1.1183310  0.0049800 
19.3944366  1.1032830  0.0102020 
19.4237560  1.0732110  0.0104670 
19.4383918  1.1530360  0.0079000 
19.4544123  1.1642710  0.0073450 
19.4708712  1.1488500  0.0073150 
19.4873136  1.1630040  0.0139130 
19.5037326  1.1830840  0.0151520 
19.5201342  1.1704860  0.0269030 
19.5365182  1.1719620  0.0060640 
19.5528809  1.2044040  0.0154550 
19.5692261  1.1612620  0.0138150 
19.5855537  1.1664810  0.0916350 
19.6018619  1.1638800  0.0148320 
19.6181497  1.1557780  0.0120040 
19.6344210  1.1682700  0.0162430 
19.6506719  1.1657560  0.0132590 
19.6669062  1.1675640  0.0075850 
19.6831201  1.1690980  0.0056430 
19.6993194  1.1472070  0.0123520 
19.7154964  1.1861180  0.1442110 
19.7316558  1.1461300  0.0798360 
19.7477997  1.1233470  0.0120060 
19.7639222  1.1667950  0.1440010 
19.7800272  1.1449520  0.0466050 
19.7961167  1.1861330  0.1349030 
19.8121857  1.1560460  0.0075150 
19.8282363  1.1923650  0.0121580 
19.8442722  1.1630620  0.0068220 
19.8602897  1.1638580  0.0122300 
19.8762859  1.1616530  0.0886850 
19.8922684  1.1834760  0.0281060 
19.9082314  1.1709330  0.0275590 
19.9241789  1.2033390  0.1312380 
19.9401011  1.1316240  0.0052080 
19.9560088  1.1451840  0.0126380 
19.9719008  1.1520400  0.0061750 
20.0036383  1.1681030  0.1205000 
20.0194789  1.1652110  0.0466940 
20.0353019  1.1490480  0.0149050 
20.0511094  1.1437610  0.0042780 
20.0669003  1.1728750  0.0095990 
20.0826728  1.1622910  0.0067770 
20.0984307  1.1374670  0.0057950 
20.1141702  1.2298170  0.1150620 
20.1298921  1.1745290  0.0138680 
20.1455994  1.1599650  0.0212730 
20.1612893  1.1575440  0.1001230 
20.1769635  1.1898940  0.0262670 
20.1926184  1.1817450  0.0163100 
20.2082596  1.1973650  0.0205060 
20.2238746  1.1682990  0.0696040 
20.2394798  1.1783580  0.0131380 
20.2550666  1.1771050  0.0165170 
20.2706407  1.1986510  0.0245520 
20.2862003  1.2012120  0.0090020 
20.3017414  1.1926460  0.0131500 
20.3171570  1.1606240  0.0870040 
20.3369878  1.1887010  0.0727140 
20.3545552  1.2187450  0.0122830 
20.3721001  1.2549810  0.0044870 
20.3896257  1.2419090  0.0044850 
20.4071279  1.2516900  0.0043250 
20.4246125  1.2516350  0.1062530 
20.4420739  1.1886450  0.0056890 
20.4595177  1.2001230  0.0093300 
20.4769373  1.2598190  0.0166710 
20.4943374  1.2273730  0.0086040 
20.5117180  1.2369880  0.1163360 
20.5290802  1.2574950  0.0053020 
20.5464191  1.2591210  0.0274230 
20.5637404  1.2596360  0.0739890 
20.5810394  1.2441820  0.0786880 
20.5983189  1.2444130  0.0091340 
20.6155809  1.2297860  0.0100270 
20.6328206  1.2231130  0.1267890 
20.6500389  1.2704740  0.0830420 
20.6672397  1.2672510  0.0040490 
20.6844200  1.2446380  0.0032070 
20.7015809  1.2419690  0.0935700 
20.7187244  1.2487490  0.0028240 
20.7358454  1.2358210  0.0072830 
20.7529470  1.2349510  0.0160340 
20.7700311  1.2456750  0.1278360 
20.7870958  1.2281500  0.1138410 
20.8041400  1.2510320  0.0043670 
20.8211667  1.2589580  0.0059750 
20.8381721  1.2492720  0.0042790 
20.8551599  1.2245900  0.1472030 
20.8721283  1.2151770  0.1172320 
20.8890783  1.2132850  0.0897270 
20.9060078  1.2302540  0.0087660 
20.9229188  1.2335310  0.0208780 
20.9398133  1.2473310  0.0113690 
20.9566874  1.2502280  0.0084660 
20.9735430  1.2342840  0.0060410 
21.0071988  1.1888590  0.0688170 
21.0240000  1.2310150  0.0108460 
21.0407837  1.1995560  0.0217420 
21.0575459  1.2327370  0.0086440 
21.0742927  1.2549610  0.0072350 
21.0910199  1.2471120  0.0063020 
21.1077287  1.2567170  0.0127520 
21.1244210  1.2468500  0.0171300 
21.1410929  1.2457170  0.0106890 
21.1577501  1.2311140  0.0116430 
21.1743870  1.2513780  0.1053410 
21.1910063  1.2421510  0.0112080 
21.2076062  1.2496410  0.0466290 
21.2241896  1.2648160  0.0073850 
21.2407555  1.2784720  0.0158370 
21.2573029  1.2504030  0.0062880 
21.2738337  1.2815270  0.0072750 
21.2903461  1.2321720  0.0505810 
21.3068439  1.2536890  0.0123390 
21.3233213  1.2455190  0.0183280 
21.3397822  1.2788510  0.0089310 
21.3562256  1.2691400  0.0136540 
21.3726524  1.3206100  0.1296990 
21.3890617  1.2368610  0.0495140 
21.4054555  1.2851420  0.0060930 
21.4218298  1.2769980  0.0102040 
21.4381867  1.2488730  0.0513400 
21.4545289  1.2581830  0.0151270 
21.4708517  1.2586100  0.0064110 
21.4871570  1.2424870  0.0082710 
21.5054516  1.3033930  0.0035720 
21.5240467  1.2985190  0.0187690 
21.5426213  1.2958630  0.0059310 
21.5611736  1.3261140  0.1169840 
21.5797035  1.3002810  0.1529360 
21.5982110  1.3090560  0.0147210 
21.6166971  1.2929620  0.0279090 
21.6351580  1.2870770  0.0073190 
21.6536014  1.2986810  0.1124440 
21.6720204  1.2808700  0.0877700 
21.6904171  1.2646500  0.0081560 
21.7087934  1.2663110  0.0653260 
21.7271473  1.2607490  0.0187490 
21.7454827  1.2848390  0.1087400 
21.7637919  1.3018580  0.0157880 
21.7820826  1.3043880  0.0088340 
21.8003510  1.3180900  0.1368930 
21.8185980  1.3149650  0.0376540 
21.8368255  1.3129340  0.0720280 
21.8550297  1.3342570  0.0071350 
21.8732124  1.3184970  0.0248540 
21.8913758  1.3125860  0.0672100 
21.9095177  1.3845760  0.1505050 
21.9276383  1.3285520  0.0088450 
21.9457385  1.3358580  0.0164900 
21.9638162  1.3191870  0.0189470 
21.9818726  1.3661600  0.1085200 
21.9999115  1.3361690  0.0097850 
22.0179300  1.3453720  0.0250240 
22.0359281  1.3379670  0.0163530 
22.0539037  1.3390290  0.0130860 
22.0718610  1.3423560  0.0920600 
22.0897978  1.3498520  0.0043230 
22.1077122  1.3482960  0.0248440 
22.1256072  1.3478330  0.0066370 
22.1434847  1.3496470  0.0083860 
22.1613398  1.3612880  0.0925900 
22.1791765  1.3645530  0.1078210 
22.1969927  1.3632550  0.0113540 
22.2147905  1.3549520  0.0089430 
22.2325659  1.3535830  0.0110000 
22.2503228  1.3478440  0.0094390 
22.2680603  1.3621170  0.0107970 
22.2857803  1.3535570  0.1118790 
22.3034779  1.3685950  0.0121060 
22.3211570  1.3663440  0.0158230 
22.3388167  1.3557160  0.0045870 
22.3564589  1.3668040  0.0031610 
22.3740807  1.3519790  0.0052020 
22.3916830  1.3397870  0.0230970 
22.4092659  1.3486800  0.0049590 
22.4268313  1.3642200  0.0037580 
22.4443734  1.3502540  0.0169080 
22.4618979  1.3403060  0.1059920 
22.4794069  1.3715990  0.0069440 
22.4968945  1.3566670  0.0182120 
22.5143656  1.3444160  0.0304610 
22.5318143  1.3355320  0.0709160 
22.5666621  1.3558450  0.0130160 
22.5840574  1.3551270  0.0138800 
22.6014341  1.3570380  0.0066550 
22.6187924  1.3632220  0.0084270 
22.6361332  1.3722970  0.0110170 
22.6534565  1.3290030  0.0068010 
22.6707623  1.3790960  0.1017030 
22.6880428  1.3589500  0.0134250 
22.7053116  1.3549520  0.0117820 
22.7225591  1.3672320  0.0092330 
22.7397910  1.3545370  0.0159930 
22.7570044  1.3597870  0.0156060 
22.7913787  1.3917910  0.1070130 
22.8085386  1.3273550  0.1630280 
22.8256801  1.4263780  0.1253480 
22.8428080  1.3658480  0.1176090 
22.8599115  1.4033530  0.0780250 
22.8770015  1.3863260  0.0191360 
22.8940700  1.3990700  0.0092310 
22.9111259  1.3862430  0.1292930 
22.9281624  1.4229680  0.0106220 
22.9451833  1.3924160  0.0111150 
22.9536616  1.4342890  0.0055340 
22.9732368  1.4284690  0.0064800 
22.9927885  1.4272010  0.0663070 
23.0123160  1.4004430  0.0100390 
23.0318221  1.4076540  0.0071360 
23.0513029  1.4497470  0.1554990 
23.0707739  1.4530700  0.1674020 
23.0902090  1.3857560  0.0322540 
23.1096305  1.4598690  0.0127580 
23.1290228  1.3667560  0.1009840 
23.1677414  1.4175400  0.0118110 
23.1870656  1.3991320  0.1469730 
23.2256500  1.4305810  0.0088440 
23.2449071  1.4431920  0.0121940 
23.2641458  1.4486730  0.0088920 
23.2833505  1.4370610  0.0069570 
23.3025445  1.4529530  0.0247900 
23.3217054  1.4557990  0.0096480 
23.3406271  1.4599180  0.0149430 
23.3599835  1.4565880  0.0233460 
23.3790909  1.4569840  0.0121840 
23.3981750  1.4586240  0.1481190 
23.4172377  1.4397110  0.0070020 
23.4362800  1.4452560  0.0053640 
23.4550637  1.4450930  0.1150880 
23.4740632  1.4638420  0.0059960 
23.4930404  1.4534620  0.1143580 
23.5119951  1.4801580  0.0122990 
23.5309315  1.4727880  0.0091650 
23.5498454  1.4816210  0.0105610 
23.5687389  1.4744370  0.0247290 
23.5876121  1.4617700  0.0172470 
23.6064648  1.4575700  0.0107000 
23.6252951  1.4569220  0.0084770 
23.6441079  1.4556430  0.1111590 
23.6628974  1.4150230  0.0095510 
23.6816684  1.4809540  0.1102460 
23.7004191  1.4637910  0.0047160 
23.7191483  1.4569630  0.0195360 
23.7378580  1.4809240  0.0071250 
23.7565474  1.4880780  0.0200350 
23.7752163  1.4876450  0.1085700 
23.7938668  1.4674230  0.0192690 
23.8124774  1.4681160  0.0121430 
23.8310851  1.4903120  0.0093500 
23.8496723  1.5027880  0.1064100 
23.8682421  1.4876630  0.0172920 
23.8867924  1.4826180  0.1429700 
23.9053204  1.4752520  0.0075440 
23.9238318  1.4859730  0.0052950 
23.9423218  1.4759620  0.0118720 
23.9607944  1.4778630  0.0057960 
23.9792465  1.4786850  0.0055750 
23.9976782  1.4763800  0.0057170 
24.0158172  1.4870770  0.0061890 
24.0342100  1.4883760  0.0068760 
24.0528624  1.4826430  0.1643480 
24.0711979  1.4933050  0.0074560 
24.0895333  1.4955040  0.0057280 
24.1441449  1.5097150  0.0062500 
24.1624016  1.5203140  0.0127220 
24.1806446  1.5055770  0.1027600 
24.1988673  1.5014540  0.1366580 
24.2170705  1.4998240  0.0068680 
24.2352562  1.5258460  0.0072810 
24.2534108  1.5517710  0.0085310 
24.2715479  1.5598830  0.0232340 
24.2896782  1.6359780  0.0100990 
24.3077871  1.8920950  0.0092450 
24.3258775  2.1037580  0.1478770 
24.3439533  1.8638300  0.0070530 
24.3620088  1.5865800  0.0110570 
24.3800476  1.5078800  0.0213120 
24.3980690  1.5034920  0.1222590 
24.4214837  1.4778960  0.0070450 
24.4423695  1.4666810  0.0072770 
24.4632329  1.4760550  0.0103830 
24.4840700  1.4366440  0.0419340 
24.5256694  1.4804720  0.0284470 
24.5464327  1.4824910  0.0034930 
24.5671736  1.4869720  0.0056030 
24.5878901  1.4768980  0.0084400 
24.6085805  1.4924910  0.0111080 
24.6292504  1.5216290  0.1093360 
24.6700982  1.5218360  0.0178110 
24.6906923  1.4836120  0.1213540 
24.7112640  1.5205460  0.0079690 
24.7318114  1.5152590  0.0184810 
24.7523354  1.5245400  0.0064300 
24.7728371  1.5107670  0.0148850 
24.7933165  1.4892660  0.1161910 
24.8137696  1.5064280  0.0086650 
24.8342022  1.5138800  0.0199200 
24.8541789  1.5200040  0.0164500 
24.8745630  1.5270960  0.1139180 
24.8949256  1.5594350  0.0142720 
24.9152640  1.5398690  0.0120460 
24.9355800  1.5519730  0.0144120 
24.9558717  1.5342310  0.0209250 
24.9761420  1.5400600  0.1281930 
24.9963909  1.4969770  0.0176490 
25.0166155  1.5269590  0.1345920 
25.0368206  1.5027280  0.0145720 
25.0570015  1.5389080  0.0321190 
25.0771599  1.5711570  0.1484510 
25.0972961  1.4577250  0.0686950 
25.1173816  1.5339550  0.0247480 
25.1374439  1.5407700  0.0263880 
25.1575148  1.5201540  0.0142190 
25.1775625  1.5481440  0.0179450 
25.1975868  1.5242780  0.1406770 
25.2375732  1.5207610  0.0134550 
25.2575352  1.5336710  0.0113120 
25.2774750  1.4877610  0.1374070 
25.2973943  1.5016070  0.0105920 
25.3172912  1.5142710  0.0114840 
25.3371677  1.5106770  0.0065530 
25.3570219  1.5136400  0.0039190 
25.3768556  1.4940220  0.0661800 
25.3966670  1.5294850  0.0079330 
25.4164579  1.4905570  0.0577100 
25.4362304  1.5161260  0.0042630 
25.4559815  1.5308550  0.0062440 
25.4756791  1.4955330  0.0165900 
25.4953525  1.5168000  0.1187010 
25.5347049  1.4766360  0.0071680 
25.5543510  1.4986640  0.0101820 
25.5739757  1.5018900  0.0103510 
25.5935790  1.4982970  0.0089530 
25.6131648  1.5015020  0.0045600 
25.6327292  1.4946120  0.0758360 
25.6522722  1.5079820  0.0181590 
25.6717958  1.5033280  0.0109420 
25.6913019  1.5300990  0.1088360 
25.7107535  1.5347750  0.0076820 
25.7301799  1.5392890  0.0069440 
25.7496237  1.5333150  0.0386670 
25.7690462  1.5902940  0.0056770 
25.7884492  1.5978150  0.0063490 
25.8078347  1.6373980  0.1414750 
25.8271969  1.7026790  0.0104540 
25.8460467  1.7897870  0.0118990 
25.8653700  2.0704180  0.0239860 
25.8846757  2.9748010  0.2694470 
25.9038921  3.3492640  0.0243260 
25.9231561  2.3472850  0.0165140 
25.9424006  1.7891620  0.0379850 
25.9616257  1.6489050  0.0087870 
25.9808333  1.6274250  0.1272130 
26.0000214  1.6481790  0.1298680 
26.0191911  1.5645760  0.1246960 
26.0574740  1.5640020  0.1232420 
26.0765143  1.5856240  0.0345550 
26.0956062  1.5681400  0.0145090 
26.1146796  1.5837530  0.1453150 
26.1337346  1.5802240  0.0290820 
26.1527710  1.5739020  0.0087620 
26.1717890  1.5751170  0.0100920 
26.1907895  1.5707680  0.1288210 
26.2097725  1.5567090  0.0134920 
26.2286582  1.5698340  0.0131930 
26.2476023  1.5564750  0.0150300 
26.2665270  1.5782710  0.0085470 
26.2854341  1.5623580  0.0105510 
26.3043218  1.6187420  0.0272190 
26.3226670  1.5662950  0.1100830 
26.3415197  1.5857860  0.0141730 
26.3608041  1.6049210  0.0186640 
26.3796198  1.5477340  0.1333860 
26.4166631  1.5573290  0.0166180 
26.4354254  1.6225750  0.0136990 
26.4541711  1.5746100  0.0178480 
26.4734312  1.5889510  0.0210920 
26.4915236  1.6087820  0.0167030 
26.5102139  1.5868340  0.0154240 
26.5288848  1.5863280  0.0210620 
26.5545581  1.5816080  0.1270190 
26.5764084  1.5938920  0.0219530 
26.5975459  1.5600690  0.0052590 
26.6193437  1.5787570  0.1268050 
26.6411191  1.6010920  0.0107100 
26.6628683  1.5984380  0.0091030 
26.6845941  1.6479210  0.0119990 
26.7062946  1.6072370  0.1310440 
26.7279718  1.6147100  0.1336090 
26.7489276  1.6707250  0.1815370 
26.7705571  1.6371710  0.0147730 
26.7921604  1.6314380  0.0120550 
26.8137423  1.6495000  0.0114440 
26.8352990  1.6348400  0.1392020 
26.8568333  1.6583750  0.0184700 
26.8783442  1.7271570  0.1763100 
26.8998318  1.6455870  0.0107770 
26.9212961  1.6755970  0.0149030 
26.9427341  1.6693330  0.0111270 
26.9641536  1.4792590  0.0843040 
26.9855489  1.8204810  0.1958120 
27.0068508  1.5856360  0.0562370 
27.0281983  1.6394040  0.0179680 
27.0494487  1.6729480  0.1947460 
27.0707496  1.6764880  0.0237400 
27.0920301  1.6988240  0.1429250 
27.1132863  1.6628780  0.0062110 
27.1557316  1.6559290  0.0144410 
27.1769217  1.6905970  0.0111000 
27.1980904  1.6470860  0.0103070 
27.2192358  1.6191780  0.0195850 
27.2403578  1.6371340  0.0066010 
27.2614584  1.6550970  0.0970110 
27.2825386  1.6703350  0.0220080 
27.3035965  1.6752130  0.1380560 
27.3246320  1.6682100  0.0833570 
27.3447555  1.6381300  0.0184310 
27.3657423  1.6544240  0.0267640 
27.3874497  1.6544680  0.1219550 
27.4076558  1.6519550  0.0141800 
27.4285805  1.6419620  0.0098220 
27.4494837  1.6440620  0.1177580 
27.4703656  1.6843860  0.0101390 
27.4912270  1.6944460  0.0088350 
27.5120661  1.6567820  0.0182650 
27.5536840  1.6884700  0.0479950 
27.5743004  1.7585770  0.0186720 
27.5942995  1.6987570  0.0271520 
27.6357423  1.7064930  0.0165490 
27.6564327  1.7058890  0.0126510 
27.6771026  1.6906800  0.0180230 
27.6977530  1.7015000  0.0148780 
27.7183821  1.6737890  0.0213960 
27.7389908  1.6965330  0.0094190 
27.7594983  1.6645800  0.0453090 
27.7799815  1.7392830  0.0354380 
27.8210530  1.7448790  0.0174330 
27.8415576  1.7226840  0.0115920 
27.8620447  1.7063780  0.0657640 
27.8825105  1.7229200  0.0083120 
27.9029587  1.7124590  0.0056260 
27.9233855  1.7071580  0.0193080 
27.9436198  1.6980600  0.0706080 
27.9640049  1.6984470  0.1830550 
27.9843685  1.6955590  0.0145710 
28.0047146  1.6974570  0.0054540 
28.0250433  1.7062430  0.0101340 
28.0453505  1.7112070  0.0059890 
28.0656383  1.6963950  0.0085080 
28.0859076  1.6900770  0.0215600 
28.1059796  1.6734550  0.0238490 
28.1262061  1.7052060  0.0243770 
28.1464161  1.6722470  0.0134300 
28.1666048  1.7338560  0.0216680 
28.1867778  1.5772440  0.0081490 
28.2196840  1.8907490  0.1328050 
28.2435401  1.7700790  0.0242700 
28.2663743  1.6807110  0.0119200 
28.2901750  1.6780380  0.0127920 
28.3139475  1.7928400  0.1554870 
28.3376947  1.7481670  0.0123430 
28.3614137  1.7483800  0.0170180 
28.3841031  1.7463430  0.0285940 
28.4077667  1.7801670  0.0151760 
28.4314040  1.7772240  0.0169840 
28.4785989  1.7384370  0.0167200 
28.5021565  1.7432420  0.0166590 
28.5256889  1.7876730  0.0190390 
28.5491940  1.7975870  0.0216760 
28.5726738  1.7238860  0.0712090 
28.5961283  1.7646440  0.0223740 
28.6195557  1.7608510  0.0092610 
28.6429577  1.7755260  0.1347690 
28.6663335  1.7239740  0.0055290 
28.6896850  1.7512510  0.0058860 
28.7130092  1.7759000  0.0076270 
28.7363092  1.7634310  0.0068870 
28.7595868  1.7264880  0.0146070 
28.7828352  1.7445720  0.0121840 
28.8050277  1.7169410  0.1168140 
28.8282256  1.7376820  0.0147270 
28.8513991  1.7890190  0.1821840 
28.8745474  1.7641310  0.0125510 
28.8976704  1.8246840  0.1636170 
28.9197297  1.8093210  0.0205210 
28.9438454  1.7687350  0.0451560 
28.9668955  1.7360600  0.0239910 
28.9887341  1.6994970  0.0807840 
29.0117316  1.8016560  0.0257170 
29.0345600  1.7625720  0.0921790 
29.0575080  1.7397300  0.1681270 
29.0804327  1.7273740  0.0176860 
29.1033340  1.7799170  0.1540370 
29.1262129  1.7543540  0.0693890 
29.1490647  1.7536330  0.0195560 
29.1718969  1.7602390  0.0182630 
29.1947030  1.7657760  0.0166560 
29.2174837  1.7871150  0.0234090 
29.2402440  1.8086300  0.0092210 
29.2629801  1.7588320  0.0410320 
29.2856947  1.6835780  0.1440370 
29.3083841  1.7627340  0.1621060 
29.3310530  1.7632930  0.0419930 
29.3535411  1.7718520  0.1485570 
29.3749344  1.7113530  0.1591600 
29.3985999  1.7499730  0.1331970 
29.4211706  1.7379310  0.0133550 
29.4426475  1.8117930  0.0129680 
29.4651745  1.8201270  0.1368170 
29.4876762  1.7667000  0.0191150 
29.5101585  1.7759940  0.0136560 
29.5315352  1.8183780  0.1027820 
29.5539708  1.8583320  0.0151560 
29.5774691  1.7975560  0.0172590 
29.5986164  1.8467120  0.1392350 
29.6208206  1.7985520  0.1153070 
29.6431629  1.8136280  0.0201200 
29.6654857  1.8201690  0.0282770 
29.6877842  1.8055640  0.0144200 
29.7100642  1.8093620  0.0105290 
29.7323218  1.8149010  0.0133540 
29.7545571  1.8407100  0.0053590 
29.7767701  1.8021430  0.0460800 
29.7989645  1.8205820  0.0160340 
29.8209684  1.8097100  0.0336640 
29.8429460  1.8199600  0.0333690 
29.8650705  1.8343000  0.0160360 
29.8871755  1.8091940  0.0098820 
29.9092591  1.7594780  0.0080150 
29.9313223  1.7702580  0.1317020 
29.9533641  1.7931010  0.0122390 
29.9753865  1.8214750  0.0146230 
29.9959310  1.8792820  0.0320680 
30.0179047  1.7695390  0.0426410 
30.0409713  1.7526960  0.0193400 
30.0617929  1.8278720  0.0168390 
30.0837064  1.8449320  0.1502060 
30.1056004  1.8470920  0.0157330 
30.1263539  1.7609150  0.0117230 
30.1708021  1.8776820  0.0264190 
30.1914876  1.8492460  0.0181050 
30.2132737  1.8379150  0.0485880 
30.2350423  1.7612640  0.1463870 
30.2438269  1.8369660  0.0183290 
30.2698989  1.8824640  0.0365060 
30.2959397  1.8751370  0.0319360 
30.3205493  1.8251930  0.0265720 
30.3467584  1.8557890  0.0307050 
30.3727107  1.9777940  0.2344520 
30.3986330  1.9429650  0.0904140 
30.4245250  1.9109800  0.0440370 
30.4503899  1.8688310  0.0371260 
30.4762227  1.8598470  0.0951770 
30.5022596  1.9389820  0.0166640 
30.5280379  1.6897150  0.0130030 
30.5537890  2.1183060  0.0503890 
30.5795070  1.8460480  0.1261600 
30.6051998  1.8192420  0.1918760 
30.6294361  1.8483670  0.0231920 
30.6550685  1.9076400  0.2014960 
30.6806738  1.8735590  0.0227190 
30.7062489  1.8581330  0.0220060 
30.7317987  1.8456070  0.0253460 
30.7573184  1.9183010  0.0288140 
30.7811298  1.9067440  0.0255640 
30.8065902  1.9103550  0.1738460 
30.8574332  1.8765210  0.0328640 
30.8828138  1.8732230  0.0773200 
30.9079125  1.9404450  0.2195570 
30.9332338  1.8305840  0.0983670 
30.9585309  1.8823600  0.0245860 
30.9823520  1.8644550  0.0479370 
31.0075936  1.8731820  0.0197140 
31.0328070  1.8476720  0.0391710 
31.0594487  1.8422990  0.0197500 
31.0846106  1.8847520  0.0175690 
31.1097482  1.9250520  0.0194130 
31.1333972  1.9236610  0.0162150 
31.1584803  1.9171170  0.0386170 
31.1835352  1.9002010  0.0505090 
31.2071016  1.9364110  0.0196350 
31.2321040  1.9789850  0.0205750 
31.2570763  1.9124440  0.0106480 
31.2820311  1.8754270  0.0135890 
31.3069548  1.9024430  0.0137030 
31.3318542  1.9056240  0.0966460 
31.3567302  1.9470240  0.0054770 
31.3815800  1.8972160  0.0183890 
31.4064006  1.9826480  0.0320310 
31.4311988  1.9002510  0.0303080 
31.4557005  1.8352050  0.0262080 
31.4804473  1.9661230  0.1887800 
31.5034020  1.8554940  0.1434890 
31.5280963  1.8613120  0.0108840 
31.5542489  1.9408000  0.1807290 
31.5788984  1.9331670  0.0147170 
31.6020282  1.9540200  0.0177490 
31.6266262  1.8598030  0.1279760 
31.6511940  1.8945050  0.0115230 
31.6742489  1.9853180  0.1621840 
31.6987691  1.9567350  0.0144660 
31.7247662  1.9899060  0.0282160 
31.7492416  1.9081530  0.0486960 
31.7718999  2.0038610  0.0417220 
31.7960301  1.9696870  0.0439510 
31.8204278  2.0135680  0.0424870 
31.8448031  1.9910970  0.1460470 
31.8691570  1.9783220  0.1275350 
31.8934798  1.9756920  0.1164300 
31.9177890  1.9569840  0.0350320 
31.9420681  1.9746950  0.1060870 
31.9663286  1.9680630  0.0157110 
31.9905630  1.9508200  0.0186250 
32.0132581  1.9745970  0.0140750 
32.0368439  1.9744040  0.1833070 
32.0610044  2.0519480  0.0242010 
32.1092543  2.0294300  0.0239510 
32.1333486  1.9661030  0.0166810 
32.1558950  1.9985420  0.0122350 
32.1799407  2.0295510  0.0133770 
32.2039669  2.0264430  0.0077420 
32.2295002  2.0251780  0.0280260 
32.2516393  2.0413090  0.0336560 
32.2752805  2.0371590  0.0338550 
32.2992105  2.0116280  0.1329940 
32.3231220  2.0703990  0.0259880 
32.3470083  2.0621100  0.0444840 
32.3708789  2.1019770  0.1577990 
32.3947244  1.9825180  0.1906220 
32.4185474  2.0838790  0.1813340 
32.4423520  2.0495800  0.0228780 
32.4658075  2.0792960  0.1702450 
32.4892368  2.0029080  0.0474380 
32.5129703  2.0609480  0.0154200 
32.5351356  1.9761560  0.0139550 
32.5588284  2.1126530  0.1520280 
32.5809490  2.1235450  0.0551360 
32.6061478  2.0521460  0.0318840 
32.6291104  2.0992560  0.0814030 
32.6511599  1.9972090  0.1150480 
32.6747419  1.9917940  0.0223910 
32.6983014  2.1340840  0.0307020 
32.7218386  2.0307350  0.0765650 
32.7453612  2.1523610  0.1511250 
32.7704229  2.0118970  0.0367400 
32.7916568  2.2246330  0.1202770 
32.8151123  2.2436200  0.0559750 
32.8385464  2.1836240  0.0330480 
32.8619572  2.1176050  0.0112310 
32.8853534  2.0948760  0.0238700 
32.9087273  2.0972600  0.0534860 
32.9317385  2.1007300  0.0402130 
32.9531463  2.0294040  0.0279990 
32.9780263  2.1067470  0.0281070 
33.0013184  2.1176340  0.0184220 
33.0230131  2.1111080  0.0226440 
33.0462645  2.1450010  0.1858480 
33.0582256  2.6103920  0.2027660 
33.0863957  2.2772300  0.1679350 
33.1125659  2.1897640  0.0464680 
33.1406689  2.1962430  0.0365030 
33.1687428  2.2086880  0.0232220 
33.1967905  2.1559600  0.0163510 
33.2248041  2.1571930  0.0124530 
33.2527885  2.1643390  0.0170050 
33.2807389  2.1655680  0.2428270 
33.3086680  2.2702400  0.0133870 
33.3365600  2.2249460  0.0153200 
33.3644249  2.2616670  0.0267020 
33.3922615  2.2775410  0.0182030 
33.4200642  2.1875540  0.0183150 
33.4458561  2.3548840  0.0248300 
33.4735994  2.8443820  0.2117550 
33.4993252  3.2122490  0.0357030 
33.5270131  2.4492770  0.1703630 
33.5546709  2.4209860  0.1300730 
33.5822985  2.0542450  0.0152240 
33.6098979  2.2270140  0.0286440 
33.6374701  2.1401350  0.0201000 
33.6650131  2.2324020  0.0151820 
33.6925338  2.2394630  0.0149070 
33.7200175  2.2353980  0.0377790 
33.7474789  2.2800910  0.1238220 
33.7749101  2.2526440  0.0204950 
33.8003063  2.2410820  0.0262740 
33.8276782  2.1407900  0.0594930 
33.8550287  2.2027550  0.0285240 
33.8823491  2.2437270  0.0624130 
33.9096432  2.0581820  0.0265550 
33.9344191  2.1947550  0.1997520 
33.9616548  2.2272670  0.0365380 
33.9888634  2.2275670  0.0415740 
34.0155644  2.2469730  0.0736990 
34.0427146  2.2422510  0.1153100 
34.0678172  2.3457940  0.0489370 
34.0969402  2.2527720  0.0345290 
34.1240117  2.2457330  0.0151150 
34.1510617  2.3052160  0.0264130 
34.1780778  2.2554680  0.0311450 
34.2050715  2.2186850  0.0134290 
34.2300078  2.1070450  0.0187740 
34.2549091  2.2247270  0.0218950 
34.2818260  2.1595400  0.0165740 
34.3107526  2.0962560  0.1264610 
34.3376159  2.1645120  0.0307810 
34.3619135  2.2070610  0.0591800 
34.3887224  2.2526720  0.0347510 
34.4150005  2.1753860  0.0327250 
34.4397103  2.1952120  0.0357600 
34.4664366  2.3108310  0.0229430 
34.4951930  2.0470840  0.0170410 
34.5218755  2.1690850  0.0210820 
34.5485318  2.2805310  0.0226930 
34.5751658  2.1884290  0.0338820 
34.5997161  2.1452210  0.0209960 
34.6263024  2.1532380  0.1669320 
34.6528585  2.0831420  0.0237060 
34.6793962  2.1265770  0.0200550 
34.7027885  2.2357690  0.1274980 
34.7292640  2.2588660  0.0474710 
34.7557200  2.2637210  0.0264550 
34.7821536  2.4990930  0.0366130 
34.8085581  3.2431140  0.0491050 
34.8349441  3.5844690  0.0761520 
34.8613038  2.5668870  0.0401460 
34.8876451  2.3397610  0.0224710 
34.9139562  2.2610240  0.0383680 
34.9370860  2.2964470  0.1903570 
34.9633456  2.1955580  0.2420570 
34.9895829  2.1904930  0.0536990 
35.0157978  2.3654560  0.1715660 
35.0399067  2.2309400  0.0249610 
35.0660768  2.1279900  0.0321000 
35.0922217  2.3224550  0.0297210 
35.1204327  2.2156040  0.0900620 
35.1438921  2.4822610  0.3990120 
35.1699660  2.3677600  0.0203560 
35.1933583  2.1871280  0.0381310 
35.2214759  2.3473360  0.0494420 
35.2474837  2.2712280  0.0170630 
35.2734691  2.2253330  0.0775680 
35.2994322  2.1459340  0.0196770 
35.3232737  2.0609830  0.0208820 
35.3739310  2.3889140  0.0589290 
35.4235421  2.1918940  0.0347070 
35.4493641  2.0655460  0.0765610 
35.4751716  2.2015130  0.0154000 
35.5030588  2.3447810  0.2961020 
35.5261254  2.2288830  0.0857000 
35.5512688  2.2482730  0.1028760 
35.5769830  2.0093020  0.0613720 
35.6026719  2.5045900  0.0874030 
35.6283452  1.9915590  0.2009900 
35.6539961  2.3664870  0.0259720 
35.6796296  2.3149790  0.0366730 
35.7019135  2.3289670  0.0888190 
35.7274905  2.2783100  0.0677850 
35.7530530  2.2575250  0.0450520 
35.7764716  2.2389190  0.2324380 
35.8019932  2.1365740  0.0224890 
35.8296208  2.2313020  0.0444850 
35.8523607  2.1232240  0.0424330 
35.8771959  2.3412520  0.0736210 
