5.2425700  0.9408719  0.0257720 
5.2727816  0.9576780  0.0200210 
5.3029932  0.9809249  0.0208810 
5.3332049  0.9862703  0.0164060 
5.3634265  0.9682138  0.0127070 
5.3936382  0.9543437  0.0094020 
5.4238498  0.9694832  0.0092150 
5.4540615  0.9802412  0.0121640 
5.4842731  0.9750139  0.0146240 
5.5144948  0.9920781  0.0093300 
5.5447064  0.9715111  0.0099770 
5.5749181  0.9809228  0.0168870 
5.6051297  1.0003088  0.0117380 
5.6353413  1.0077464  0.0088870 
5.6655630  0.9962203  0.0181520 
5.6957746  0.9934739  0.0131870 
5.7259863  1.0018848  0.0132750 
5.7561979  1.0064084  0.0159570 
5.7864096  1.0053834  0.0173190 
5.8166312  1.0108362  0.0157640 
5.8468429  1.0200193  0.0125430 
5.8770545  1.0256880  0.0128510 
5.9072661  1.0312799  0.0144380 
5.9374778  1.0310523  0.0135810 
5.9676994  1.0396371  0.0132860 
5.9979111  1.0486653  0.0164560 
6.0281227  1.0508271  0.0145190 
6.0583344  1.0554044  0.0308230 
6.0885460  1.0607276  0.0137320 
6.1187677  1.0648625  0.0299450 
6.1489793  1.0687877  0.0286100 
6.1791910  1.0811102  0.0221850 
6.2094026  1.0847784  0.0116280 
6.2396142  1.0769237  0.0133570 
6.2698359  1.0752560  0.0131420 
6.3000475  1.0870054  0.0118070 
6.3302592  1.0771997  0.0121190 
6.3604708  1.0865661  0.0230420 
6.3906825  1.0894705  0.0283470 
6.4209041  1.0920557  0.0102910 
6.4511158  1.0932430  0.0292250 
6.4813274  1.0927626  0.0108120 
6.5115391  1.0875722  0.0112990 
6.5417507  1.0946051  0.0132350 
6.5719723  1.0987116  0.0137920 
6.6021840  1.1092231  0.0102980 
6.6323956  1.1162593  0.0159670 
6.6626073  1.1212496  0.0210550 
6.6928189  1.1261250  0.0160180 
6.7230406  1.1233428  0.0109390 
6.7532522  1.1316705  0.0126820 
6.7834639  1.1263758  0.0138960 
6.8136755  1.1239359  0.0141210 
6.8438871  1.1215277  0.0150750 
6.8741088  1.1345454  0.0158450 
6.9043204  1.1631398  0.0126600 
6.9345321  1.1642818  0.0173080 
6.9647437  1.2394555  0.0186420 
6.9949554  1.3392867  0.0258260 
7.0251770  1.2076280  0.0146660 
7.0553887  1.1470080  0.0172370 
7.0856003  1.1598467  0.0118830 
7.1158120  1.1725368  0.0137980 
7.1460236  1.1752221  0.0147360 
7.1762452  1.1759448  0.0113500 
7.2064569  1.1844052  0.0162360 
7.2366685  1.2053304  0.0161390 
7.2668802  1.1986693  0.0140400 
7.2970918  1.2220279  0.0223340 
7.3273135  1.2387128  0.0150730 
7.3575251  1.2416372  0.0253000 
7.3877368  1.2454339  0.0156900 
7.4179484  1.2499312  0.0175290 
7.4481601  1.2638118  0.0156060 
7.4783817  1.2701410  0.0223640 
7.4481601  1.2118419  0.0233990 
7.5085933  1.2211567  0.0168550 
7.5690166  1.2654046  0.0278470 
7.6294399  1.3257412  0.0221960 
7.6898732  1.3299424  0.0220200 
7.7502965  1.2919742  0.0133480 
7.8107198  1.2936008  0.0167390 
7.8711531  1.2986596  0.0209240 
7.9315764  1.2906932  0.0126600 
7.9920097  1.2837287  0.0092530 
8.0524330  1.2696965  0.0129890 
8.1128562  1.2410905  0.0119020 
8.1732895  1.2272162  0.0109600 
8.2337128  1.2098034  0.0153020 
8.2941361  1.2060446  0.0295750 
8.3545694  1.2025092  0.0335210 
8.4149927  1.1596033  0.0118520 
8.4754160  1.1429901  0.0105970 
8.5358493  1.1270668  0.0142450 
8.5962726  1.1117293  0.0124130 
8.6567059  1.0917745  0.0125290 
8.7171291  1.0544141  0.0109640 
8.7775524  1.0131580  0.0066560 
8.8379857  0.9710076  0.0076910 
8.8984090  0.9278415  0.0083830 
8.9588323  0.9131540  0.0348600 
9.0192656  0.8850189  0.0073670 
9.0796889  0.8155445  0.0082840 
9.1401122  0.7756896  0.0080830 
9.2005455  0.7357335  0.0087220 
9.2609688  0.7024079  0.0095090 
9.3214021  0.6800785  0.0065230 
9.3818253  0.6547541  0.0077100 
9.4422486  0.6418891  0.0052110 
9.5026819  0.6372696  0.0059790 
9.5631052  0.6254402  0.0059550 
9.6235285  0.6380071  0.0069960 
9.6839618  0.6432987  0.0071260 
9.7443851  0.6171367  0.0083700 
9.8048084  0.6186200  0.0065910 
9.8652417  0.6318053  0.0051840 
9.9256650  0.6467783  0.0060000 
9.9860982  0.6605398  0.0298400 
10.0465215  0.6972227  0.0085110 
10.1069448  0.7438895  0.0546990 
10.1673781  0.7688947  0.0217720 
10.2278014  0.7978662  0.0084850 
10.2882247  0.8357681  0.0083570 
10.3486580  0.8722150  0.0078470 
10.4090813  0.9049917  0.0069130 
10.4695046  0.9717524  0.0075580 
10.5299379  1.0289485  0.0153600 
10.5903612  1.0357045  0.0102610 
10.6507944  1.0579717  0.0100720 
10.7112177  1.0887310  0.0256960 
10.7716410  1.1175277  0.0108230 
10.8320743  1.1459324  0.0125300 
10.8924976  1.1784331  0.0122590 
10.9529209  1.2116586  0.0109280 
11.0133542  1.2545697  0.0092330 
11.0737775  1.3087223  0.0118180 
11.1342008  1.3906182  0.0111200 
11.1946341  1.5508893  0.0470130 
11.2550574  1.6815357  0.0362760 
11.3154906  1.7146358  0.0120560 
11.3759139  1.7061553  0.0149860 
11.4363372  1.7191583  0.0233950 
11.4967705  1.7477306  0.0432510 
11.5571938  1.7758393  0.0270350 
11.6176171  1.7943141  0.0242330 
11.6780504  1.8249248  0.0448000 
11.7384737  1.8610726  0.0171650 
11.7988970  1.8771096  0.0159280 
11.8593303  1.8985499  0.0196450 
11.9197535  1.9699943  0.0172360 
11.9801868  2.0316298  0.0563010 
12.0406101  2.0699393  0.0562910 
12.1010334  2.0980281  0.0137010 
12.1614667  2.1163943  0.0156330 
12.2218900  2.1549830  0.0206950 
12.2823133  2.2067095  0.0182530 
12.3427466  2.2242446  0.0151360 
12.4031699  2.2240823  0.0214060 
12.4635932  2.2329357  0.0244550 
12.5240265  2.2481531  0.0227970 
12.5844497  2.2866354  0.0158220 
12.6448830  2.3066335  0.0159440 
12.7053063  2.3301027  0.0376280 
12.7657296  2.7745364  0.0175120 
12.8261629  3.2683031  0.0493570 
12.8865862  2.7708650  0.0219850 
12.9470095  2.2721607  0.0489560 
13.0074428  2.2363922  0.0213490 
13.0678661  2.2298606  0.0295230 
13.1282894  2.2285796  0.0167830 
13.1887226  2.2307150  0.0169980 
13.2491459  2.2336942  0.0239690 
13.3095692  2.2424581  0.0379640 
13.3700025  2.2357264  0.0253730 
13.4304258  2.2351290  0.0242990 
13.4908591  2.2411992  0.0261980 
13.5512824  2.2623729  0.0258530 
13.6117057  2.2761934  0.0273280 
13.6721390  2.2857126  0.0737290 
13.7325623  2.2921272  0.0872240 
13.7929856  2.3087109  0.0316490 
13.8534188  2.3293980  0.0202060 
13.9138421  2.3443783  0.0306770 
13.9742654  2.3470141  0.0724010 
14.0561586  2.1861426  0.0207180 
14.1407592  2.2500862  0.0351420 
14.2253598  2.3005560  0.0392270 
14.3099504  2.3005560  0.0211940 
14.3945510  2.2887860  0.0326410 
14.4791516  2.2020890  0.0131800 
14.5637422  2.1982500  0.0149370 
14.6483428  2.2174540  0.0277830 
14.7329434  2.2604940  0.0307060 
14.8175440  2.2587180  0.0141600 
14.9021346  2.2349460  0.0224090 
14.9867352  2.2705530  0.0171130 
15.0713359  2.2869040  0.0243240 
15.1559265  2.2957370  0.0214580 
15.2405271  2.2987780  0.0111450 
15.3251277  2.3022110  0.0134880 
15.4097183  2.3019550  0.0224660 
15.4943189  2.7660270  0.0144300 
15.5789195  3.2605290  0.0351350 
15.6635101  2.7274960  0.0139440 
15.7481107  2.3709470  0.0112540 
15.8327113  2.4150330  0.0125290 
15.9173019  2.4150530  0.0139450 
16.0019025  2.4119900  0.0122770 
16.0865041  2.3954790  0.0187170 
16.1711027  2.4045730  0.0173830 
16.2556944  2.4357870  0.0408150 
16.3402960  2.5398910  0.0214800 
16.4248956  2.7357460  0.0314410 
16.5094872  2.7019630  0.0165420 
16.5940858  2.6837700  0.0123980 
16.6786874  2.6484570  0.0249970 
16.7632790  2.6582580  0.0289810 
16.8478776  2.6879170  0.0153020 
16.9324792  2.7776210  0.0412120 
17.0170688  3.0219300  0.0376320 
17.1016704  3.0356920  0.0310190 
17.1862710  2.7792530  0.0372460 
17.2708606  2.7577670  0.0324540 
17.3554622  2.7921310  0.0150460 
17.4400628  2.7663650  0.0262820 
17.5246625  2.7121940  0.0190870 
17.6092541  2.6893850  0.0174360 
17.6938557  2.7480300  0.0197120 
17.7784543  2.7399440  0.0229260 
17.8630459  2.7028260  0.0695200 
17.9476475  2.6973000  0.0279690 
18.0322471  2.6631790  0.0200910 
18.1168387  2.6401680  0.0173710 
18.2014373  2.6629980  0.0289000 
18.2860389  2.6735510  0.0470500 
18.3706305  2.6649290  0.0226840 
18.4552291  2.6719620  0.0212500 
18.5398307  2.6896810  0.0173370 
18.6244204  2.7960670  0.0338250 
18.7090220  3.1494920  0.0664440 
18.7936226  3.0206290  0.0223250 
18.8782242  2.8123250  0.0320950 
18.9628138  2.7936080  0.0307640 
19.0474144  2.8127640  0.0256790 
19.1320140  2.8600240  0.0225710 
19.2166056  2.8341350  0.0331280 
19.3012072  2.8612270  0.0211930 
19.3858058  2.8312740  0.0298730 
19.4703974  2.8918550  0.0326290 
19.5549990  2.9439140  0.0275310 
19.6395986  2.9541240  0.0432210 
19.7241902  2.9511660  0.0320440 
19.8087888  2.9968560  0.0323540 
19.8933905  3.0422470  0.1499120 
19.9779821  3.0771350  0.0902630 
20.0625807  3.0950160  0.0250390 
20.1471823  3.1213340  0.0235400 
20.2317839  3.1546770  0.0345080 
20.3163735  3.1442640  0.0329110 
20.4009741  3.1668640  0.0262330 
20.4855757  3.1362690  0.0242830 
20.5701653  3.1175110  0.0143330 
20.7393655  3.1652520  0.0169140 
20.9085587  3.2299850  0.0393790 
21.0777490  3.2839910  0.0271080 
21.2469502  3.3390350  0.0677860 
21.4161404  3.3219220  0.0281660 
21.5853426  3.3409690  0.0439910 
21.7545338  3.4035250  0.0427210 
21.9237250  3.4963320  0.0534340 
22.0929272  3.5529860  0.1945890 
22.2621174  3.5974370  0.1731610 
22.4313087  3.6212480  0.0437670 
22.6005089  3.6609810  0.1738980 
22.7697021  3.7160990  0.0391310 
22.9389023  3.7718970  0.0305080 
23.1080935  3.8061720  0.0161270 
23.2772837  3.8232050  0.0693190 
23.4464869  3.8452490  0.0549530 
23.6156772  3.9150950  0.0256840 
23.7848684  3.9584630  0.0299760 
23.9540686  3.9945380  0.0535850 
24.1232618  3.9899100  0.0451280 
24.2924620  4.0652080  0.0262440 
24.4616532  4.0348360  0.0211770 
24.6308434  4.0651490  0.0327290 
24.8000457  4.1210130  0.0432210 
24.9692369  4.1036290  0.0824720 
25.1384281  4.1356720  0.0798470 
25.3076303  4.2127910  0.0478800 
25.4768215  4.2255990  0.1365120 
25.6460217  4.2613950  0.0516370 
25.8152119  4.7550990  0.0305010 
25.9844032  5.0214240  0.1106510 
26.1536054  4.6101530  0.0993000 
26.3227966  4.5182670  0.0247130 
26.4919878  4.4852320  0.0446060 
26.6611900  4.4862360  0.0748650 
26.8303802  4.5175950  0.0517280 
26.9995814  4.5317630  0.0321060 
27.1687717  4.6328280  0.0244060 
27.3379649  4.6657610  0.0342210 
27.5071651  4.7789270  0.2074640 
27.6763563  4.8224330  0.1549720 
27.8455465  4.8754680  0.0191880 
28.0147487  4.8405330  0.0487430 
28.1839399  4.9456300  0.0258020 
28.3531401  4.9274970  0.0935650 
28.5223334  4.9205740  0.0196450 
28.6915246  4.9613890  0.0471460 
28.8607248  5.0018000  0.0423880 
29.0299150  5.0536130  0.0343060 
29.1991062  5.0345780  0.0403730 
29.3683084  5.0992930  0.0675710 
29.5374996  5.1620620  0.0763680 
29.7066999  5.1929570  0.0353390 
29.8758931  5.2959700  0.0773130 
30.0450833  5.3469700  0.0501900 
30.2142845  5.3712300  0.0783270 
30.3834747  5.4270030  0.0252920 
30.5526679  5.4183480  0.0849080 
30.7218681  5.5702610  0.0499230 
30.8910594  5.6169920  0.0722960 
31.0602616  5.6337760  0.0681490 
31.2294518  5.6778710  0.1173840 
31.3986430  5.7102830  0.0681390 
31.5678432  5.8452480  0.0299360 
31.7370364  5.8588600  0.2593820 
31.9062276  5.8836660  0.0369490 
32.0754279  5.9422340  0.0367550 
32.2446181  6.0344180  0.0724970 
32.4138213  6.2431020  0.0356180 
32.5830115  6.4656700  0.0805010 
32.7522027  6.6226010  0.0457430 
32.9214049  6.8031200  0.0602850 
33.0905961  6.7683430  0.0732790 
33.2597864  7.0692900  0.1384380 
33.4289886  7.9961350  0.0898850 
33.5981798  7.2615320  0.0602110 
33.7673780  7.0682460  0.4002770 
33.9365692  7.0770580  0.2704850 
34.1057644  6.9457970  0.0516210 
34.2749626  7.1982310  0.0770460 
34.4441539  7.2805590  0.5433980 
34.6133441  8.5107600  0.1998600 
34.7825463  10.2910790  0.1195540 
34.9517375  9.4174010  0.1781130 
35.1209397  7.1798920  0.2605180 
35.2901309  6.9176180  0.1260860 
35.4593211  7.5414350  0.1867540 
35.6285243  7.5483310  0.1778350 
35.7977146  7.2670370  0.1242350 
35.9669058  7.6758390  0.1430420 
36.1361080  7.5774690  0.3020140 
36.3052992  7.4878670  0.0891280 
36.4745014  7.5134440  0.8057690 
36.6436926  7.5506180  0.3972820 
36.8128828  7.5397920  0.1054830 
36.9820811  7.7148960  0.2506440 
37.1512723  8.4838530  0.2380820 
37.3204675  7.6693100  0.8051590 
