      5.23989      2.29628    0.0376500
      5.27009      2.42691    0.0309980
      5.30028      2.52084    0.0427160
      5.33048      2.53973    0.0675990
      5.36069      2.53301    0.0351490
      5.39088      2.60409    0.0155250
      5.42108      2.76836    0.0282180
      5.45128      2.84051    0.0477490
      5.48147      2.86970    0.0202330
      5.51168      2.84944    0.0442170
      5.54187      2.76618    0.0373120
      5.57207      2.86414    0.0373960
      5.60227      3.03422    0.0449830
      5.63246      3.06669    0.0265560
      5.66267      3.06573    0.0417240
      5.69287      3.05349    0.0388030
      5.72306      3.06519    0.0498980
      5.75326      3.05896    0.0204590
      5.78345      3.09006    0.0293170
      5.81366      3.13161    0.0270570
      5.84386      3.16651    0.0320080
      5.87405      3.20783    0.0541990
      5.90425      3.24915    0.0680260
      5.93445      3.28877    0.0715160
      5.96465      3.38948     0.219423
      5.99485      3.51283     0.246037
      6.02504      3.59385     0.263822
      6.05524      3.66997    0.0933290
      6.08544      3.75943    0.0906470
      6.11564      3.90507    0.0631230
      6.14584      4.17125    0.0596990
      6.17603      4.45931    0.0575970
      6.20623      4.55658    0.0258140
      6.23643      4.48564    0.0313960
      6.26663      4.36401    0.0660940
      6.29683      4.29244    0.0601240
      6.32703      4.28765    0.0926700
      6.35722      4.31267     0.120239
      6.38742      4.31831    0.0561360
      6.41762      4.32012    0.0291840
      6.44782      4.27538    0.0234260
      6.47802      4.20916    0.0298970
      6.50821      4.17872    0.0497790
      6.53841      4.26614    0.0663600
      6.56862      4.40999    0.0875470
      6.59881      4.53148     0.103162
      6.62901      4.65234     0.115390
      6.65920      4.66285     0.341703
      6.68940      4.64950     0.354578
      6.71961      4.67345     0.331086
      6.74980      4.71921     0.408232
      6.78000      4.75399     0.407394
      6.81020      4.82276     0.114579
      6.84039      4.88620     0.100554
      6.87060      4.99943    0.0777250
      6.90079      5.12271    0.0361720
      6.93099      5.16068    0.0292090
      6.96119      5.56175    0.0369800
      6.99138      5.65536    0.0309280
      7.02159      5.50886    0.0532860
      7.05178      5.54589    0.0447970
      7.08198      5.64517    0.0365540
      7.11218      5.72976    0.0437490
      7.14237      5.76009    0.0406310
      7.17258      5.76177    0.0741440
      7.20278      5.73255    0.0881040
      7.23297      5.76009    0.0828640
      7.26317      5.89896     0.110453
      7.29337      6.10258     0.142708
      7.32357      6.29819     0.428934
      7.35377      6.40089     0.549175
      7.38396      6.54678     0.177980
      7.41416      6.68440     0.616033
      7.44436      6.84013     0.618551
      7.47456      6.98047     0.189687
      7.44436      6.64967     0.232296
      7.50476      6.80513     0.265351
      7.56515      7.35672     0.213721
      7.62554      7.92401     0.678591
      7.68595      7.71274     0.655606
      7.74634      7.54018     0.240408
      7.80673      7.61528     0.233697
      7.86713      7.66889     0.273543
      7.92753      7.58612     0.238619
      7.98793      7.34706     0.203265
      8.04832      7.03078     0.174790
      8.10871      6.70643     0.129403
      8.16912      6.48708     0.117157
      8.22951      6.30646     0.100195
      8.28990      6.22347    0.0672040
      8.35030      6.13599    0.0897190
      8.41070      5.86180    0.0326380
      8.47109      4.41086      1.30356
      8.53149      6.24300    0.0593730
      8.59188      6.14554    0.0458040
      8.65228      5.89990    0.0582570
      8.71268      5.58289    0.0393080
      8.77307      5.24634    0.0586520
      8.83347      4.93861    0.0464480
      8.89386      4.64994    0.0575870
      8.95426      4.56516    0.0181870
      9.01466      4.39074    0.0500320
      9.07505      4.04302    0.0277220
      9.13544      3.86167    0.0143450
      9.19585      3.67596    0.0128670
      9.25624      3.54802    0.0127750
      9.31664      3.42896    0.0160030
      9.37703      3.36671    0.0190380
      9.43743      3.33831    0.0243270
      9.49783      3.37309    0.0244680
      9.55822      3.33652    0.0239250
      9.61861      3.34544    0.0232260
      9.67902      3.37767    0.0122280
      9.73941      3.36256    0.0261520
      9.79980      3.41810    0.0181870
      9.86020      3.51239    0.0268490
      9.92060      3.63934    0.03079600
      9.99042      3.58191    0.0276590
      9.99849      3.61993    0.0555790
      10.0066      3.68975    0.0328600
      10.0146      3.65192    0.0387320
      10.0227      3.66837    0.0483100
      10.0308      3.70893    0.0675920
      10.0388      3.73082    0.0462770
      10.0469      3.75780    0.0362150
      10.0550      3.73265    0.0596990
      10.0630      3.82157    0.0428230
      10.0711      3.85850    0.0527530
      10.0791      3.82832    0.0578590
      10.0872      3.88147    0.0629240
      10.0953      3.91701    0.0475220
      10.1034      3.89458    0.0488710
      10.1114      3.94974    0.0789710
      10.1195      3.92264    0.0364390
      10.1275      4.04890    0.0270570
      10.1356      4.02884    0.0642930
      10.1436      3.96217    0.0437190
      10.1517      4.10785    0.0464630
      10.1597      4.04087    0.0619520
      10.1678      4.06010    0.0590470
      10.1758      3.92217     0.352690
      10.1838      4.13516    0.0147280
      10.1919      4.16712    0.0689850
      10.1999      4.19402    0.0399070
      10.2080      4.29446    0.0393040
      10.2160      4.21329    0.0206230
      10.2240      4.26170    0.0415710
      10.2321      4.29809    0.0336220
      10.2401      4.33870    0.0144960
      10.2481      4.40215    0.0132780
      10.2562      4.36153    0.0283470
      10.2642      4.40641    0.0168950
      10.2722      4.40444    0.0147300
      10.2803      4.44308    0.0362750
      10.2883      4.49103    0.0232920
      10.2963      4.47806    0.0184790
      10.3043      4.54591    0.0261510
      10.3123      4.57536    0.0139040
      10.3204      4.55091    0.0502620
      10.3284      4.59332    0.0271390
      10.3364      4.63241    0.0466620
      10.3445      4.64549    0.0468880
      10.3525      4.69963    0.0818590
      10.3605      4.70013    0.0353950
      10.3685      4.81772    0.0574190
      10.3765      4.83948    0.0492030
      10.3845      4.77611    0.0538300
      10.3925      4.80552    0.0284000
      10.4005      4.84292    0.0107580
      10.4086      4.79493    0.0149070
      10.4166      4.93896    0.0157840
      10.4246      4.94818    0.0373450
      10.4326      5.03577    0.0271230
      10.4406      5.04505    0.0181590
      10.4486      5.02961    0.0243820
      10.4566      5.11876    0.0283360
      10.4646      5.15696    0.0202410
      10.4725      5.19654    0.0246630
      10.4805      5.12631    0.0185500
      10.4932      5.39251     0.396408
      10.5016      6.55784     0.162385
      10.5101      7.92747     0.164563
      10.5186      5.97517    0.0737840
      10.5271      5.33932    0.0437790
      10.5356      5.27986    0.0670230
      10.5441      5.41573    0.0712100
      10.5526      5.40927     0.205295
      10.5611      5.46927    0.0714480
      10.5696      5.54886    0.0797690
      10.5780      5.58170    0.0514260
      10.5865      5.63891    0.0734800
      10.5950      5.60630    0.0485210
      10.6035      5.60737    0.0538820
      10.6119      5.73963    0.0710080
      10.6204      5.69558    0.0504400
      10.6289      5.78261    0.0560480
      10.6374      5.69782    0.0524120
      10.6458      5.75410    0.0359730
      10.6543      5.87493    0.0290850
      10.6628      5.76435    0.0213010
      10.6712      5.88674    0.0640290
      10.6797      5.94406    0.0305150
      10.6882      5.93594    0.0387230
      10.6966      5.96438    0.0739470
      10.7051      5.97869    0.0374490
      10.7136      6.10077    0.0738880
      10.7220      6.07228    0.0596430
      10.7305      6.13128    0.0923350
      10.7389      6.18104    0.0625890
      10.7474      6.22871    0.0663050
      10.7558      6.15321    0.0916850
      10.7643      6.21511    0.0767360
      10.7727      6.26698    0.0807750
      10.7812      6.27808    0.0548930
      10.7896      6.28513    0.0793300
      10.7981      6.25613    0.0572730
      10.8065      6.39847    0.0339750
      10.8150      6.33140    0.0465390
      10.8234      6.39195    0.0487580
      10.8318      6.44964    0.0743080
      10.8403      6.47783    0.0228060
      10.8487      6.53469    0.0486820
      10.8571      6.47465    0.0754950
      10.8656      6.62324    0.0368160
      10.8740      6.53460    0.0510970
      10.8824      6.62600    0.0191230
      10.8909      6.62273    0.0383870
      10.8993      6.68858    0.0190490
      10.9077      6.64321    0.0220770
      10.9162      6.77816    0.0350740
      10.9246      6.75935    0.0442730
      10.9330      6.81354    0.0222090
      10.9414      6.81610    0.0265850
      10.9498      6.85273    0.0190640
      10.9583      6.88583    0.0184500
      10.9667      6.83988    0.0893920
      10.9751      6.95399    0.0584560
      10.9836      7.02863     0.124151
      10.9880      7.04161    0.0509510
      10.9970      7.10785    0.0384220
      11.0059      7.20459    0.0292920
      11.0149      7.29281    0.0382010
      11.0239      7.17428    0.0428480
      11.0328      7.29636    0.0424270
      11.0418      7.32668    0.0435340
      11.0508      7.35074    0.0591480
      11.0597      7.29436    0.0385210
      11.0687      7.41803    0.0259450
      11.0776      7.46086    0.0314940
      11.0866      7.53762    0.0641760
      11.0956      7.62151    0.0539180
      11.1045      7.67534    0.0548860
      11.1135      7.65495    0.0398250
      11.1224      7.72946    0.0384800
      11.1314      7.82920    0.0574180
      11.1403      7.97574    0.0804600
      11.1493      8.01828    0.0560050
      11.1582      8.21178    0.0561550
      11.1672      8.26889    0.0400360
      11.1761      8.53136     0.100448
      11.1850      8.77599     0.107223
      11.1940      8.91087    0.0656100
      11.2029      9.24102    0.0924410
      11.2119      9.24369    0.0571430
      11.2208      9.38646     0.149067
      11.2297      9.32515    0.0812490
      11.2387      9.34623    0.0995850
      11.2476      9.42188     0.114488
      11.2565      9.54852    0.0690580
      11.2654      9.52326    0.0540210
      11.2744      9.61607    0.0756110
      11.2833      9.51655     0.115548
      11.2922      9.54579    0.0630630
      11.3011      9.48462    0.0856470
      11.3101      9.53022     0.106773
      11.3190      9.54513     0.133020
      11.3279      9.54859     0.102976
      11.3368      9.62847    0.0772780
      11.3457      9.62529     0.105974
      11.3546      9.69974     0.110027
      11.3635      9.69072    0.0713340
      11.3724      9.90876    0.0246810
      11.3814      9.82043    0.0844170
      11.3903      9.84709    0.0448770
      11.3992      9.85012    0.0661260
      11.4081      10.0913    0.0626050
      11.4170      9.97115    0.0683240
      11.4259      10.0143    0.0748100
      11.4348      10.1597    0.0733660
      11.4437      10.1806    0.0693260
      11.4526      10.3076    0.0832230
      11.4615      10.2074     0.108058
      11.4704      10.2910    0.0829410
      11.4792      10.3879     0.110623
      11.4881      10.3619     0.111799
      11.4970      10.3734     0.158735
      11.5059      10.5309     0.104641
      11.5148      10.5354     0.127918
      11.5237      10.5815    0.0967600
      11.5326      10.5476     0.110597
      11.5414      10.6619    0.0452840
      11.5503      10.6496    0.0798690
      11.5592      10.8006     0.116423
      11.5681      10.7140    0.0905980
      11.5770      10.8883    0.0745070
      11.5858      10.8617    0.0974060
      11.5947      10.8763    0.0951190
      11.6036      10.9774    0.0457140
      11.6124      10.9936    0.0717630
      11.6213      11.1429    0.0845870
      11.6302      11.0893     0.140379
      11.6390      11.0975    0.0995060
      11.6479      11.2982     0.109952
      11.6568      11.2312     0.131713
      11.6656      11.5417     0.805721
      11.6745      11.4194     0.125528
      11.6917      11.7911    0.0589050
      11.7012      11.5892    0.0718530
      11.7106      11.6319    0.0878200
      11.7201      11.7850     0.110470
      11.7296      11.4546     0.647850
      11.7391      11.9783     0.106475
      11.7485      12.0054    0.0781330
      11.7580      12.1068     0.120983
      11.7675      12.0549    0.0749350
      11.7769      12.0192    0.0876340
      11.7864      12.2237      1.01332
      11.7959      12.2334    0.0643500
      11.8053      12.2989    0.0927440
      11.8148      12.2614    0.0714350
      11.8242      12.3353     0.124669
      11.8337      12.5598    0.0652040
      11.8432      12.4749    0.0982380
      11.8526      12.6473    0.0485410
      11.8621      12.6059    0.0626710
      11.8715      12.8175    0.0379810
      11.8810      12.7722    0.0515630
      11.8904      12.8635    0.0281420
      11.8999      12.9061     0.238055
      11.9093      13.1347    0.0818010
      11.9187      13.0980    0.0977530
      11.9282      13.1390     0.101138
      11.9376      13.1904    0.0990220
      11.9471      13.3761    0.0857110
      11.9565      13.4946    0.0973360
      11.9659      13.5694     0.110226
      11.9754      13.7030     0.124417
      11.9848      13.7805     0.154387
      11.9942      13.8374    0.0798520
      12.0037      13.9328     0.150854
      12.0131      13.9493     0.113384
      12.0225      14.0582     0.146585
      12.0319      14.1850    0.0872840
      12.0414      14.2250     0.123246
      12.0508      14.4503     0.105575
      12.0602      14.2307     0.148272
      12.0696      14.4383     0.107018
      12.0790      14.5446     0.139112
      12.0885      14.5930     0.114312
      12.0979      14.5899     0.141185
      12.1073      14.6110    0.0710790
      12.1167      14.7316     0.150146
      12.1261      14.8914     0.116228
      12.1355      14.9917     0.162551
      12.1449      15.1882      1.38826
      12.1543      15.0028     0.127593
      12.1637      15.1189     0.102005
      12.1731      15.1768     0.150368
      12.1825      15.0935    0.0906470
      12.1919      15.2375     0.130437
      12.2013      15.2790     0.129935
      12.2107      15.4364     0.184080
      12.2201      15.2971     0.133448
      12.2295      15.6374     0.191498
      12.2389      15.5019     0.129636
      12.2483      15.6210     0.140916
      12.2576      15.7614     0.107552
      12.2670      15.8556     0.138255
      12.2764      16.3966     0.183159
      12.2858      16.3692      1.26605
      12.2952      16.0426     0.144619
      12.3046      16.3878      1.41578
      12.3139      15.9133     0.125462
      12.3233      16.0907     0.135486
      12.3327      16.2609     0.105783
      12.3421      16.3720    0.0992210
      12.3514      16.4007    0.0874890
      12.3608      16.4440     0.121538
      12.3702      16.5988     0.131089
      12.3795      16.6010     0.193742
      12.3909      16.9915     0.184383
      12.4009      16.5646     0.221539
      12.4110      16.9113     0.186938
      12.4211      16.9132     0.222411
      12.4311      16.9579     0.184261
      12.4412      17.0217     0.271310
      12.4512      17.2171     0.226983
      12.4613      17.2737     0.205769
      12.4714      17.4020     0.144478
      12.4814      17.1778     0.159418
      12.4915      17.4978     0.165554
      12.5015      17.3905     0.173465
      12.5115      17.4480     0.115141
      12.5216      17.4449     0.145704
      12.5316      17.1244     0.860241
      12.5417      17.6965     0.156458
      12.5517      17.9235     0.102656
      12.5618      17.8413     0.117663
      12.5718      17.9190     0.100059
      12.5818      17.9229     0.167416
      12.5919      18.0086    0.0891760
      12.6019      17.8493     0.477074
      12.6119      17.9758     0.121634
      12.6219      18.1967     0.225559
      12.6320      18.0480    0.0745030
      12.6420      17.9457    0.0757410
      12.6520      18.1595    0.0999330
      12.6620      18.1303     0.114266
      12.6721      18.4089    0.0386490
      12.6821      18.4113    0.0271520
      12.6921      18.5571    0.0205650
      12.7021      18.5375    0.0347300
      12.7121      18.7853      1.34844
      12.7221      18.7805    0.0417610
      12.7321      18.7949    0.0302560
      12.7421      18.7896    0.0200970
      12.7521      18.7895    0.0399320
      12.7622      18.8634    0.0367760
      12.7722      18.5025     0.939066
      12.7822      18.8334    0.0432880
      12.7922      19.0843    0.0673230
      12.8021      21.9705     0.280788
      12.8121      28.6029     0.335002
      12.8221      22.8123     0.193854
      12.8321      19.1459    0.0380160
      12.8421      18.9958    0.0409110
      12.8521      18.9024    0.0785720
      12.8621      19.0073    0.0596310
      12.8721      18.8573    0.0695950
      12.8821      19.0090    0.0622870
      12.8920      18.8173    0.0624510
      12.9020      18.8489    0.0907470
      12.9120      18.9192    0.0420770
      12.9220      18.9194    0.0190110
      12.9320      19.1885    0.0218940
      12.9419      18.7498    0.0314520
      12.9519      19.1822    0.0454250
      12.9619      18.8275    0.0713930
      12.9718      19.2946    0.0496530
      12.9818      18.9199    0.0317800
      12.9918      19.3177    0.0547910
      13.0017      19.1591    0.0566740
      13.0117      19.1196    0.0991540
      13.0217      19.2453    0.0311770
      13.0316      19.2348    0.0600430
      13.0416      19.2901    0.0338910
      13.0515      19.1297    0.0757340
      13.0615      19.4856    0.0406590
      13.0714      19.2073    0.0758210
      13.0814      19.7045    0.0413580
      13.0913      19.4928     0.100515
      13.1013      20.1034    0.0481180
      13.1112      19.4570    0.0456110
      13.1212      19.6907    0.0741940
      13.1311      19.5845    0.0569390
      13.1410      19.5542    0.0382400
      13.1510      19.5203      1.44191
      13.1609      19.6292    0.0287690
      13.1708      19.6698    0.0997210
      13.1808      19.7501    0.0556590
      13.1812      19.1915    0.0828010
      13.1919      19.5200    0.0429360
      13.2026      19.4737    0.0431000
      13.2134      19.5881    0.0484810
      13.2241      19.7635    0.0718660
      13.2348      19.6074    0.0670070
      13.2455      19.5616    0.0665190
      13.2562      19.7688    0.0533900
      13.2669      19.9352    0.0770820
      13.2777      19.7804    0.0832000
      13.2884      19.6195    0.0571630
      13.2991      19.9279    0.0540200
      13.3098      19.8832    0.0816070
      13.3205      19.6392     0.143505
      13.3312      19.8745     0.196880
      13.3419      19.8526     0.204180
      13.3526      19.9043     0.137680
      13.3633      19.8312     0.296184
      13.3740      20.0361     0.248459
      13.3847      20.0390     0.182345
      13.3954      20.9035      1.73601
      13.4061      20.2592     0.110163
      13.4167      20.1064     0.220299
      13.4274      20.2007     0.207420
      13.4379      20.4102     0.203793
      13.4486      20.4536     0.106935
      13.4593      20.4087     0.265352
      13.4700      20.7153     0.203057
      13.4806      20.5687     0.201927
      13.4913      20.4198     0.120439
      13.5020      20.5337    0.0990650
      13.5127      20.6230     0.204609
      13.5233      20.7305     0.164326
      13.5340      20.5684     0.159237
      13.5447      20.5536     0.122954
      13.5553      20.5291     0.248139
      13.5660      20.6716     0.206669
      13.5766      20.6245     0.182071
      13.5873      20.6276     0.146174
      13.5980      20.6861     0.132830
      13.6086      20.7503     0.216404
      13.6193      20.9861     0.200623
      13.6297      20.6329     0.197592
      13.6404      20.8509     0.140599
      13.6510      20.9949      1.25334
      13.6617      20.9212     0.205352
      13.6723      21.2217     0.190922
      13.6830      20.9034     0.142180
      13.6936      21.0352     0.170619
      13.7042      20.6579     0.225745
      13.7149      21.2465     0.163404
      13.7255      21.0880     0.185572
      13.7361      21.1460     0.173560
      13.7468      21.1599     0.163814
      13.7574      21.1918     0.215604
      13.7680      20.9684     0.270994
      13.7786      21.1424     0.277521
      13.7893      21.3471     0.262924
      13.7999      21.2916     0.189144
      13.8105      21.4022     0.272243
      13.8211      21.2889     0.285385
      13.8317      21.3446     0.231192
      13.8424      21.5632      1.67636
      13.8530      21.4471     0.185163
      13.8636      21.3022     0.275790
      13.8742      21.4885     0.190159
      13.8848      21.3459     0.228410
      13.8954      21.5503     0.238125
      13.9060      21.5816     0.176137
      13.9166      21.5185     0.305826
      13.9272      21.4399     0.206736
      13.9378      21.6108     0.226300
      13.9484      21.6957     0.258863
      13.9590      21.6231     0.216919
      13.9696      21.7473     0.235294
      13.9802      21.6666     0.219780
      13.9908      21.6008     0.216355
      14.0014      21.7449     0.171934
      14.0120      21.7875     0.204241
      14.0225      21.7967     0.238592
      14.0331      21.5705     0.184672
      14.0437      21.9100     0.248579
      14.0543      21.5895     0.400921
      14.0649      21.8805     0.213568
      14.0754      21.8730     0.172115
      14.0860      21.9571     0.191250
      14.0966      21.8994     0.149960
      14.1072      21.9169     0.154120
      14.1177      22.1134     0.160777
      14.1283      22.2159     0.214723
      14.1389      21.7587     0.102215
      14.1494      22.0758    0.0811400
      14.1600      22.1540    0.0455750
      14.1705      21.9307    0.0861000
      14.1844      22.2723     0.201447
      14.1959      22.2440     0.265264
      14.2074      22.4813     0.218824
      14.2188      22.5741     0.233946
      14.2303      22.5988     0.191011
      14.2417      22.2324     0.154846
      14.2532      22.8073     0.278033
      14.2646      21.9139     0.180289
      14.2761      22.8535     0.166688
      14.2875      22.5585     0.118401
      14.2990      23.0870    0.0603300
      14.3104      27.0430     0.140022
      14.3219      29.3495    0.0737210
      14.3333      24.2655     0.115913
      14.3447      22.5355     0.156438
      14.3562      22.8449     0.107691
      14.3676      22.4167     0.178709
      14.3790      22.8470     0.134828
      14.3904      22.8105    0.0640980
      14.4019      22.8495     0.131623
      14.4133      22.9302     0.134234
      14.4247      22.7131     0.235496
      14.4361      22.8316     0.136989
      14.4476      22.8401    0.0939610
      14.4590      23.3482     0.210980
      14.4701      23.0812     0.142130
      14.4816      22.8785     0.246231
      14.4930      23.3681     0.166494
      14.5044      23.0005     0.129249
      14.5158      23.7382     0.184370
      14.5272      23.1762     0.176142
      14.5386      22.8820      1.66757
      14.5500      23.2098     0.207413
      14.5614      23.5512      1.35970
      14.5728      23.9990      2.36070
      14.5839      23.5327     0.154106
      14.5953      23.3197     0.244994
      14.6067      23.4087      2.05621
      14.6181      22.8607     0.190777
      14.6295      23.5166     0.183992
      14.6409      23.5230     0.161562
      14.6523      23.3886     0.210916
      14.6636      23.4085     0.163994
      14.6750      23.7031     0.223450
      14.6864      23.7603     0.221031
      14.6978      23.7179     0.220183
      14.7091      23.6500     0.201457
      14.7205      23.6069     0.151511
      14.7319      23.4995     0.204035
      14.7432      23.7739     0.214357
      14.7546      23.8731     0.209708
      14.7660      24.1044     0.216730
      14.7773      23.9117     0.216503
      14.7887      23.5257     0.142476
      14.8000      23.9976     0.203486
      14.8114      23.9124     0.201923
      14.8228      23.8203     0.156441
      14.8341      23.8927     0.182312
      14.8455      23.6882    0.0818230
      14.8568      23.4336    0.0905950
      14.8682      24.2595     0.190698
      14.8795      24.0651     0.100167
      14.8908      23.9410    0.0807930
      14.9022      23.8694    0.0673660
      14.9135      24.0217    0.0321280
      14.9249      24.0341    0.0512410
      14.9362      24.0031    0.0649070
      14.9475      24.2725    0.0487230
      14.9589      23.9511     0.141801
      14.9702      24.0453    0.0842150
      14.9815      24.1588    0.0482290
      14.9928      24.1212     0.187201
      15.0042      24.0633     0.109841
      15.0155      24.1100     0.250566
      15.0268      23.9558     0.171038
      15.0381      24.2816     0.153849
      15.0494      23.7549     0.305068
      15.0607      24.2400     0.294480
      15.0721      24.1587     0.336249
      15.0834      24.1189     0.314451
      15.0947      24.3682     0.278822
      15.1060      23.6669     0.398366
      15.1173      24.2389     0.353858
      15.1286      24.0701     0.208699
      15.1399      23.6638     0.384339
      15.1509      24.3184     0.290892
      15.1622      24.1909     0.429198
      15.1735      23.6949     0.398301
      15.1900      23.9510    0.0883180
      15.2020      24.0467     0.173171
      15.2143      24.0466     0.106709
      15.2266      24.0208     0.146330
      15.2390      23.9374     0.157263
      15.2513      24.0237     0.160588
      15.2637      23.8648     0.173623
      15.2760      24.1327     0.375332
      15.2880      24.0223     0.237071
      15.3003      23.9434     0.381848
      15.3126      24.0127     0.354501
      15.3249      23.7502     0.313716
      15.3372      24.5009     0.355611
      15.3495      24.1849     0.317525
      15.3618      24.0951     0.281386
      15.3741      24.0299     0.270883
      15.3864      23.7176     0.267258
      15.3987      24.4460     0.251471
      15.4110      23.9119     0.187256
      15.4233      24.3874     0.216902
      15.4356      24.1995     0.151658
      15.4479      23.6999     0.141706
      15.4602      24.3807     0.172795
      15.4725      23.7642     0.110473
      15.4848      24.1932     0.161500
      15.4970      24.1676    0.0942860
      15.5093      23.3921    0.0824150
      15.5216      24.5665     0.191580
      15.5339      25.0070     0.153312
      15.5461      32.6112     0.357057
      15.5584      34.1089     0.211195
      15.5707      25.2549    0.0929620
      15.5829      24.0123     0.149633
      15.5949      24.0832    0.0934740
      15.6071      24.2880    0.0823450
      15.6194      24.1755    0.0589100
      15.6317      23.4675     0.105864
      15.6439      23.8399     0.183292
      15.6562      23.9305     0.254831
      15.6685      24.2408     0.276031
      15.6807      24.5079     0.104841
      15.6930      23.8041     0.290142
      15.7052      24.0384     0.368124
      15.7175      23.8682     0.289563
      15.7294      23.5538     0.322107
      15.7416      24.3183     0.202360
      15.7539      23.9883     0.284377
      15.7661      23.9996     0.327132
      15.7783      23.7967     0.246806
      15.7905      23.6615     0.256435
      15.8028      24.1420     0.258272
      15.8150      23.8509     0.217158
      15.8272      24.0779     0.211539
      15.8394      24.1104     0.184362
      15.8517      23.7250     0.243364
      15.8639      23.8353     0.218872
      15.8761      24.2660     0.127449
      15.8883      23.6600     0.109107
      15.9005      24.1101    0.0612180
      15.9127      23.7150    0.0418940
      15.9249      23.6333    0.0572780
      15.9371      23.3855     0.113625
      15.9493      23.4154     0.114469
      15.9615      24.0130     0.115536
      15.9737      23.7839     0.108209
      15.9859      23.4502     0.133822
      15.9981      23.9130     0.153650
      16.0103      23.1944     0.131429
      16.0225      23.0588     0.185988
      16.0347      23.8820     0.150492
      16.0469      23.2081     0.248541
      16.0591      23.7146     0.113606
      16.0709      23.2979     0.103163
      16.0831      22.4047     0.760310
      16.0953      24.2061    0.0512440
      16.1074      23.4540     0.116319
      16.1196      23.6684    0.0835840
      16.1318      23.6817     0.135301
      16.1439      23.2159    0.0863370
      16.1561      23.8276     0.156857
      16.1683      23.5903     0.261728
      16.1801      23.5903     0.161362
      16.1923      23.5903     0.193668
      16.2044      23.5854     0.207726
      16.2166      23.2842     0.258421
      16.2288      23.8753     0.257892
      16.2409      23.3792     0.164597
      16.2531      24.2066     0.283350
      16.2652      23.7329     0.188427
      16.2774      23.4664     0.189633
      16.2895      24.2842     0.197299
      16.3017      23.2760     0.163008
      16.3138      23.5589     0.221334
      16.3259      24.3412     0.178316
      16.3381      22.9812     0.136265
      16.3502      23.7947     0.118941
      16.3623      23.7172     0.217434
      16.3745      24.0619     0.113043
      16.3866      23.0642     0.170248
      16.3987      23.6298     0.149497
      16.4109      24.0438     0.119102
      16.4230      23.9998     0.100094
      16.4351      23.8591     0.834045
      16.4472      24.4437    0.0805860
      16.4593      24.2182     0.138949
      16.4714      24.3927     0.148858
      16.4764      23.0220      3.04994
      16.4897      24.1194     0.361326
      16.5030      23.9943     0.371542
      16.5160      23.9929     0.330418
      16.5293      23.8523     0.273581
      16.5426      24.0732     0.281473
      16.5559      23.7355     0.260151
      16.5692      23.9316     0.265371
      16.5825      24.0057     0.307450
      16.5958      23.9310     0.325983
      16.6091      24.0719     0.231087
      16.6224      23.7517     0.226207
      16.6357      24.0509     0.290116
      16.6490      24.9590     0.393786
      16.6623      23.7285     0.208710
      16.6756      24.3576     0.293993
      16.6889      23.8739     0.173400
      16.7022      24.3077    0.0598360
      16.7155      24.1956    0.0740750
      16.7288      23.9375     0.151659
      16.7421      24.3483     0.164125
      16.7553      24.0927     0.240294
      16.7686      23.8505     0.110737
      16.7815      24.4357     0.144058
      16.7947      23.8626     0.181099
      16.8080      24.7642     0.185771
      16.8213      24.4560     0.271449
      16.8345      24.0636     0.314485
      16.8474      24.3414     0.301333
      16.8607      24.1626     0.305055
      16.8739      24.5576     0.324771
      16.8872      24.5136     0.258539
      16.9004      25.0581     0.310733
      16.9137      24.4048     0.251746
      16.9269      24.6525     0.232852
      16.9401      24.5353     0.272120
      16.9534      24.6047     0.187108
      16.9666      25.2427     0.182744
      16.9799      24.3346     0.146594
      16.9931      24.9588     0.181177
      17.0063      24.4872     0.129099
      17.0196      25.2807      1.58134
      17.0328      25.6353     0.150818
      17.0460      25.2111    0.0950450
      17.0592      24.7185    0.0630190
      17.0725      24.7672    0.0856980
      17.0857      24.8382     0.132568
      17.0989      24.5755     0.180907
      17.1121      24.6749    0.0846370
      17.1253      24.9243     0.122282
      17.1381      23.8868     0.849722
      17.1513      24.9313     0.211094
      17.1645      24.6481     0.231232
      17.1777      24.7932     0.140405
      17.1909      24.9125     0.214800
      17.2037      24.5162     0.225737
      17.2169      25.1863     0.254149
      17.2301      24.7593     0.522138
      17.2433      25.0025     0.215934
      17.2565      24.7647     0.238739
      17.2697      25.1547     0.285891
      17.2829      25.1099     0.275573
      17.2961      25.0534     0.297612
      17.3092      25.1334     0.238629
      17.3224      25.4687     0.214655
      17.3356      24.4504     0.207422
      17.3488      25.4356     0.181238
      17.3619      25.1402     0.158018
      17.3751      25.1836     0.193394
      17.3883      25.0356     0.177912
      17.4014      25.4071     0.150767
      17.4146      25.3669    0.0822450
      17.4278      24.6087    0.0611010
      17.4409      24.9366    0.0886450
      17.4541      25.2294     0.162318
      17.4672      25.2716     0.170853
      17.4804      24.6759     0.222073
      17.4931      25.7234     0.336005
      17.5063      25.1969     0.298443
      17.5194      25.4829     0.250162
      17.5326      24.9347     0.300301
      17.5453      25.1632     0.263683
      17.5588      25.2382     0.411392
      17.5720      25.5447     0.522066
      17.5847      25.7902     0.283397
      17.5978      25.7950     0.302564
      17.6109      26.4004     0.351090
      17.6240      25.0503     0.294463
      17.6371      24.9173     0.226024
      17.6503      26.0137     0.296816
      17.6634      25.9143     0.338595
      17.6765      25.5428     0.276720
      17.6896      25.7111     0.472774
      17.7027      25.7676     0.257988
      17.7158      25.5094     0.190270
      17.7290      25.2379    0.0793630
      17.7421      26.1850     0.301766
      17.7552      25.5635     0.329574
      17.7683      26.2022     0.141446
      17.7814      25.3796     0.280222
      17.7945      26.2099    0.0976310
      17.8076      25.7994    0.0991760
      17.8207      25.4946     0.139690
      17.8338      25.8952     0.222321
      17.8469      26.2004    0.0734970
      17.8599      25.1394     0.146326
      17.8726      26.0163     0.117988
      17.8866      25.5819    0.0982590
      17.9011      25.6561     0.108083
      17.9156      25.9923     0.169262
      17.9296      26.0480     0.209998
      17.9441      25.8349     0.232634
      17.9586      26.0259     0.326115
      17.9731      25.7009     0.385033
      17.9871      25.7771     0.283823
      18.0016      26.0395     0.292368
      18.0161      25.9708     0.235655
      18.0306      26.2552     0.293720
      18.0450      26.1015     0.259449
      18.0595      26.0543     0.233640
      18.0740      26.1786     0.292880
      18.0884      26.8453     0.403587
      18.1029      25.8878     0.321171
      18.1174      26.3170     0.302922
      18.1318      26.0586     0.206126
      18.1463      26.3530     0.266745
      18.1607      25.8096     0.317729
      18.1753      26.3189     0.271737
      18.1897      25.4742     0.291653
      18.2036      26.2699     0.316340
      18.2182      26.7997     0.148857
      18.2326      26.3442     0.188346
      18.2470      26.1794     0.435322
      18.2615      26.2183     0.413414
      18.2754      26.2051     0.342788
      18.2899      26.4535     0.322201
      18.3043      26.3042     0.249261
      18.3187      26.4561     0.340859
      18.3331      26.3388     0.289546
      18.3476      26.7246     0.252867
      18.3620      26.8000     0.281376
      18.3764      26.9422     0.190144
      18.3908      26.7385     0.147753
      18.4052      26.7954    0.0911740
      18.4197      26.6766    0.0743670
      18.4341      26.8322    0.0859560
      18.4485      26.1881     0.110249
      18.4629      27.3281     0.126802
      18.4773      26.7612     0.204323
      18.4912      26.8654     0.205037
      18.5056      27.1708     0.300105
      18.5200      27.0793     0.351158
      18.5338      26.5340     0.250372
      18.5482      27.0890     0.331778
      18.5626      27.5935     0.386449
      18.5770      26.8373     0.308221
      18.5914      27.8372     0.277145
      18.6058      27.3985     0.326120
      18.6201      27.0005     0.282356
      18.6345      27.4117     0.378886
      18.6489      27.2918     0.314912
      18.6633      27.2317     0.326277
      18.6776      28.2281     0.370727
      18.6920      28.9731     0.199294
      18.7064      32.5586     0.310835
      18.7207      31.8333     0.171112
      18.7351      28.4358     0.114690
      18.7494      27.8477     0.170093
      18.7638      27.4946     0.168383
      18.7776      28.1160     0.209958
      18.7920      27.9166     0.182178
      18.8063      28.3883     0.318535
      18.8201      27.9254     0.333881
      18.8345      27.9627     0.392767
      18.8488      27.7438     0.321168
      18.8632      28.2996     0.271222
      18.8775      28.3457     0.303357
      18.8918      28.0766     0.272345
      18.9062      28.6726     0.366942
      18.9205      28.5088     0.272170
      18.9348      27.9569     0.130201
      18.9491      28.7801     0.159346
      18.9635      30.1579     0.249143
      18.9778      28.4915    0.0793790
      18.9921      28.6025     0.118443
      19.0064      28.9244     0.176689
      19.0207      28.6253    0.0875790
      19.0350      29.0831     0.112133
      19.0493      31.2302      2.10039
      19.0630      28.8362     0.249802
      19.0773      29.2516     0.248861
      19.0916      29.3844     0.237820
      19.1059      29.4031     0.220713
      19.1202      28.5596     0.256177
      19.1339      30.3719     0.237739
      19.1482      28.8169     0.245318
      19.1625      29.4108     0.280383
      19.1768      29.8421     0.249878
      19.1911      30.5737     0.245143
      19.2053      29.0885     0.322209
      19.2196      30.0102     0.337731
      19.2339      30.5243     0.239501
      19.2482      28.7311     0.321521
      19.2624      31.7829     0.330850
      19.2767      29.3593    0.0958090
      19.2910      30.2617     0.192552
      19.3052      30.2439    0.0969370
      19.3195      30.2546     0.171665
      19.3338      30.5723     0.216115
      19.3480      31.0126     0.119547
      19.3617      28.4672     0.190395
      19.3760      30.8232     0.432213
      19.3902      31.0476     0.530321
      19.4045      31.6811     0.283602
      19.4186      29.2650     0.218723
      19.4750      32.3100     0.290450
      19.4905      32.3896     0.243748
      19.5061      32.5568     0.264081
      19.5216      32.7973     0.325924
      19.5370      34.8758      4.75828
      19.5677      32.6654     0.269547
      19.5832      32.0107     0.237646
      19.5986      32.6288     0.302291
      19.6140      32.2942     0.280150
      19.6294      32.2035     0.321231
      19.6447      32.8491     0.344293
      19.6601      32.8903     0.416672
      19.6754      31.8479     0.236598
      19.6907      32.1896     0.186150
      19.7058      32.7498     0.987005
      19.7211      32.2982     0.146023
      19.7363      32.6840     0.163987
      19.7516      33.0182     0.219812
      19.7668      33.7484     0.287980
      19.7821      37.5339      4.98177
      19.7973      34.5174     0.375428
      19.8124      35.0396     0.475360
      19.8276      35.3716     0.437337
      19.8428      35.1311     0.494823
      19.8579      36.6561     0.483960
      19.8730      39.7204      1.50091
      19.8881      35.6415     0.377093
      19.9032      36.2410     0.328194
      19.9183      36.9409     0.322820
      19.9334      38.3079      2.69974
      19.9484      35.8016     0.239066
      19.9634      38.3801      3.28003
      19.9799      32.8784     0.231891
      19.9968      34.3768     0.274240
      20.0137      33.9754     0.292525
      20.0305      33.4465     0.312154
      20.0474      32.8269     0.605841
      20.0642      34.1045     0.240293
      20.0810      33.8687     0.287730
      20.0978      32.8043     0.491196
      20.1146      34.5008     0.155155
      20.1313      34.4150     0.326820
      20.1481      34.1264     0.259228
      20.1648      34.1907     0.348094
      20.1815      34.3261     0.345046
      20.1981      34.6214     0.239886
      20.2148      35.1007     0.297107
      20.2314      35.8057     0.304598
      20.2480      37.3136     0.481240
      20.2646      34.9103      2.49859
      20.2812      34.7744     0.283703
      20.2978      36.4734     0.352987
      20.3143      35.4185     0.250384
      20.3308      40.5281      4.99050
      20.3473      36.4025     0.226954
      20.3638      38.1006     0.268065
      20.3803      37.2312     0.185581
      20.3967      37.2618     0.177902
      20.4132      37.7156     0.224286
      20.4296      37.2774     0.203543
      20.4460      37.7057     0.279647
      20.4623      40.5317      3.88017
      20.4787      37.3569    0.0957960
      20.4950      38.3214     0.113638
      20.5114      37.2016     0.151350
      20.5440      38.4438     0.122775
      20.5602      39.1385     0.199464
      20.5765      39.0305     0.249973
      20.5927      39.2874     0.183913
      20.6089      38.7528     0.141603
      20.6251      39.2121     0.223358
      20.6413      39.0573     0.139909
      20.6575      41.0273      2.52967
      20.6736      40.3874     0.103626
      20.6898      40.0930     0.418988
      20.7059      40.0096      4.07414
      20.7220      40.6368     0.438499
      20.7380      40.7342     0.238506
      20.7541      40.3004     0.277124
      20.7701      41.0002      3.24323
      20.7862      41.1394     0.208069
      20.8022      40.1371     0.213681
      20.8182      39.9383     0.461944
      20.8341      40.9217     0.405318
      20.8501      40.2624     0.386149
      20.8659      42.1861      5.72520
      20.8863      38.2488     0.309323
      20.9044      36.2784     0.228222
      20.9224      36.5406     0.239413
      20.9404      37.9121     0.209128
      20.9583      36.7503     0.233545
      20.9942      37.3259     0.196929
      21.0121      36.9025     0.191416
      21.0300      37.0246     0.209664
      21.0479      37.8052     0.163964
      21.0658      39.8242     0.335595
      21.0836      38.1746     0.295975
      21.1014      38.1295      1.00750
      21.1192      38.3064     0.213000
      21.1370      39.1596     0.338771
      21.1547      39.2812     0.213818
      21.1724      37.3719     0.152948
      21.1901      38.1070     0.180251
      21.2078      39.4507     0.197153
      21.2255      38.5734     0.193802
      21.2431      39.3417     0.235116
      21.2607      39.5980     0.215770
      21.2784      38.7999     0.218975
      21.2959      39.1385     0.172549
      21.3135      38.9434     0.124894
      21.3310      45.0232      6.59371
      21.3486      44.4096      6.19243
      21.3661      39.6113     0.188534
      21.3836      38.9857     0.161343
      21.4010      39.5131     0.210533
      21.4185      42.7039      5.60028
      21.4359      42.8680      5.70308
      21.4533      39.6531      2.48517
      21.4707      39.7229     0.138952
      21.4881      38.6018     0.723552
      21.5054      39.9470     0.234729
      21.5227      40.7112     0.219879
      21.5401      40.0346     0.189931
      21.5574      44.3275      5.74883
      21.5746      40.9897      1.26673
      21.5919      41.3677     0.248348
      21.6091      40.1952     0.249688
      21.6263      40.8593     0.193788
      21.6435      41.9659     0.251576
      21.6607      40.8639     0.223744
      21.6779      42.3447     0.429529
      21.6950      42.8374     0.338897
      21.7121      42.7340     0.280244
      21.7292      42.3905     0.362397
      21.7463      43.0941      3.25590
      21.7634      42.2205     0.203841
      21.7804      42.5977     0.235074
      21.7975      40.4681      1.29110
      21.8145      43.3642     0.176011
      21.8315      41.9286     0.193775
      21.8485      43.7553     0.134155
      21.8654      42.3961      1.80854
      21.8824      43.4059     0.145479
      21.8993      42.8993     0.120533
      21.9162      43.9480     0.143802
      21.9331      43.2834     0.159100
      21.9499      43.9979     0.145916
      21.9668      44.1318     0.133841
      21.9836      44.4458     0.131136
      22.0005      44.5534    0.0998570
      22.0173      44.2611     0.699800
      22.0340      45.3144    0.0829720
      22.0508      45.3556    0.0895070
      22.0675      44.6714     0.133551
      22.0863      42.5932     0.249752
      22.1054      42.3881     0.433146
      22.1245      42.6785     0.349187
      22.1436      43.6186      3.66067
      22.1626      45.5254      5.01114
      22.1816      43.4676     0.399409
      22.2006      43.4004     0.466734
      22.2195      42.7868     0.373130
      22.2385      43.1837      3.73660
      22.2574      43.1492      3.39887
      22.2763      42.5547     0.392855
      22.2952      43.5587      1.50138
      22.3140      43.9178     0.484363
      22.3328      43.3545     0.341420
      22.3517      43.8400     0.323710
      22.3704      43.7106     0.374779
      22.3892      45.3798     0.468051
      22.4079      44.1580     0.324449
      22.4267      42.5770     0.996844
      22.4454      44.3552     0.304022
      22.4640      44.1125     0.297853
      22.4827      44.6847     0.375796
      22.5013      44.6148     0.297486
      22.5199      44.2423     0.278207
      22.5385      44.5740     0.343288
      22.5571      44.1857     0.299910
      22.5756      54.9750      1.50462
      22.5941      45.4186     0.350220
      22.6127      45.8260     0.357572
      22.6311      46.1541     0.326515
      22.6496      45.6164     0.299340
      22.6680      47.1667     0.201233
      22.6865      45.5179     0.255466
      22.7049      46.6333     0.248434
      22.7232      46.0111     0.278729
      22.7416      46.0263      3.16912
      22.7599      46.9037     0.192289
      22.7783      45.9080     0.899293
      22.7966      47.2640     0.363215
      22.8148      46.6731     0.367919
      22.8331      46.6012     0.327373
      22.8513      47.6684     0.350043
      22.8695      47.7481     0.414434
      22.8877      45.9838      1.10375
      22.9059      47.8233     0.339108
      22.9241      47.7327     0.354587
      22.9422      47.5345     0.266355
      22.9603      47.6291     0.269541
      22.9784      48.1127     0.302949
      22.9965      46.0633      1.15748
      23.0146      47.8621     0.219575
      23.0326      48.8002     0.314783
      23.0506      48.8491     0.342597
      23.0686      49.0020     0.184570
      23.0866      48.8809     0.325978
      23.1046      48.9296     0.388956
      23.1225      47.6347      1.36240
      23.1404      49.4819     0.389203
      23.1583      48.1526      1.35833
      23.1762      49.7573     0.420214
      23.1941      48.7381     0.364462
      23.2119      48.5223     0.281155
      23.2297      46.7498      3.33915
      23.2476      49.9838     0.406199
      23.2653      48.2691     0.318107
      23.2831      49.7342      3.19877
      23.3009      49.6804     0.424159
      23.3186      49.7408     0.397473
      23.3363      49.7871     0.400790
      23.3540      49.8362     0.494090
      23.3717      49.5676     0.431105
      23.3894      51.2410     0.463518
      23.4070      51.1723     0.226942
      23.4246      49.8846     0.416713
      23.4422      51.6690      3.92251
      23.4598      50.6247      3.56261
      23.4774      51.1823     0.174512
      23.4949      51.7027     0.500595
      23.5125      51.2049     0.265386
      23.5300      50.1560     0.255705
      23.5475      51.7339     0.301909
      23.5650      50.9417     0.217446
      23.5737      48.0244     0.122555
      23.5938      48.6864    0.0907720
      23.6138      48.7149      1.23083
      23.6339      48.7954     0.189539
      23.6539      49.4222     0.239596
      23.6739      52.1748     0.762516
      23.6939      49.7500     0.367544
      23.7139      48.7910     0.302940
      23.7338      49.5345     0.279099
      23.7737      48.5705      1.33211
      23.7935      48.8247     0.321470
      23.8134      50.0469      3.38721
      23.8332      49.8344      1.34253
      23.8530      50.1021     0.286912
      23.8728      49.3108     0.277600
      23.8925      49.8704     0.281470
      23.9123      50.7613     0.336908
      23.9320      50.8639     0.352545
      23.9516      51.2620     0.407928
      23.9711      52.0662     0.470705
      23.9910      52.9799     0.356053
      24.0106      53.6073     0.458306
      24.0302      56.4295      7.17555
      24.0498      53.3088     0.402464
      24.0693      54.1269     0.363095
      24.0886      53.4726      3.09587
      24.1081      56.9472      7.29515
      24.1276      53.2151     0.351594
      24.1471      53.4567     0.309948
      24.1665      54.2856     0.445331
      24.1859      54.8812     0.545504
      24.2054      54.4701      1.74673
      24.2247      55.5716     0.608157
      24.2441      56.2600     0.599949
      24.2634      56.2790     0.528132
      24.2828      56.5798     0.435988
      24.3021      61.8903     0.670603
      24.3213      73.4105      8.21781
      24.3406      57.9309     0.444477
      24.3598      54.9741      1.30307
      24.3790      56.0620     0.555527
      24.3982      57.4884      5.57946
      24.4174      57.1489     0.396457
      24.4366      56.9310     0.600718
      24.4557      56.6155     0.723448
      24.4748      57.9838     0.694471
      24.4939      58.1028     0.790987
      24.5129      56.4669     0.609620
      24.5320      57.5867      4.10188
      24.5510      57.4358     0.793276
      24.5700      57.3415     0.683132
      24.5890      57.3227     0.792932
      24.6080      57.8653     0.742700
      24.6269      58.5102     0.793407
      24.6459      57.3602     0.565447
      24.6645      57.3365     0.668977
      24.6834      58.0874     0.548208
      24.7026      56.4951      3.24979
      24.7214      57.0099     0.640907
      24.7402      57.7340     0.521113
      24.7590      58.0836      4.61981
      24.7775      59.4988     0.939142
      24.7963      58.4793     0.612929
      24.8151      59.6617     0.563112
      24.8338      60.1123      3.96805
      24.8525      58.5551     0.484677
      24.8712      58.1139     0.532187
      24.8899      58.4813     0.563533
      24.9085      58.2686     0.589112
      24.9271      57.6557      1.17878
      24.9458      57.9476     0.689880
      24.9644      59.4138     0.512894
      24.9829      58.5222     0.489212
      25.0015      59.6448     0.709831
      25.0200      59.3375     0.569199
      25.0386      59.3633     0.440926
      25.0571      61.1539      5.73356
      25.0811      56.1296     0.683259
      25.1026      55.8084     0.610911
      25.1240      56.0388     0.379270
      25.1454      53.5540      1.61615
      25.1668      56.5893      2.20931
      25.1881      58.6607     0.458571
      25.2095      58.2987     0.420734
      25.2308      58.0407     0.438466
      25.2520      58.8479     0.500758
      25.2733      58.7487     0.379186
      25.2945      58.4998     0.379159
      25.3153      48.5256      2.19886
      25.3365      59.6340     0.406523
      25.3576      64.3010      7.27345
      25.3787      60.3810     0.415201
      25.3998      59.6795      1.48168
      25.4209      60.8325     0.448512
      25.4420      61.5803     0.372209
      25.4630      60.3127     0.381546
      25.4840      60.6542     0.381210
      25.5050      61.2777     0.286284
      25.5255      60.5602     0.249484
      25.5464      61.5860     0.201877
      25.5674      61.6026     0.275686
      25.5882      61.3796     0.198368
      25.6091      61.6487     0.181278
      25.6300      62.2174     0.294969
      25.6508      61.3533      4.72202
      25.6716      61.5551     0.295577
      25.6923      60.2542      4.00371
      25.7131      60.7839    0.0974580
      25.7338      60.8075    0.0961840
      25.7545      61.6853     0.327015
      25.7752      60.6812     0.359006
      25.7958      60.4707     0.112288
      25.8164      62.9198     0.387465
      25.8370      62.2825     0.305934
      25.8576      69.1079     0.718385
      25.8782      98.1819      7.90961
      25.8987      97.4524      6.96785
      25.9193      64.4688     0.191043
      25.9398      61.7684     0.315782
      25.9602      64.7094     0.692413
      25.9807      61.8544     0.153732
      26.0011      62.0705     0.122822
      26.0215      61.0272     0.193430
      26.0419      61.1603     0.152306
      26.0623      62.9399     0.315884
      26.0827      66.8889      6.53050
      26.1030      62.4662     0.303718
      26.1233      61.7912     0.213385
      26.1436      62.7048     0.328932
      26.1638      61.1302     0.132843
      26.1840      62.1594      4.26280
      26.2042      62.6705      4.57504
      26.2244      60.9681     0.322714
      26.2446      63.4715     0.547183
      26.2648      62.8941     0.492639
      26.2849      63.4216     0.606881
      26.3050      63.4842     0.526161
      26.3251      62.3842      2.06353
      26.3452      62.3629      2.18078
      26.3652      62.0776     0.412643
      26.3852      63.8303     0.357588
      26.4052      63.5420     0.439580
      26.4252      64.0822     0.474906
      26.4451      62.8543      2.01742
      26.4651      65.5626     0.459028
      26.4850      64.5200     0.355249
      26.5049      65.1835     0.335913
      26.5248      65.7711     0.304404
      26.5442      66.0350     0.266836
      26.5640      65.2547     0.212863
      26.5838      66.5896      4.04721
      26.6036      66.0881     0.555748
      26.6234      66.3736     0.544449
      26.6431      67.3031     0.499032
      26.6629      66.1512     0.472560
      26.6826      67.8065     0.451855
      26.7023      66.8653     0.271472
      26.7220      65.4283     0.196343
      26.7417      66.4827      3.96743
      26.7613      64.4012      3.55817
      26.7809      65.9497     0.611164
      26.8005      65.4612     0.589286
      26.8201      65.2029      1.66556
      26.8396      67.2584     0.854255
      26.8592      66.1600     0.556049
      26.8787      65.3493     0.504398
      26.8982      64.4625      4.02658
      26.9177      65.2080     0.409949
      26.9371      66.7128     0.938609
      26.9566      67.0919     0.992924
      26.9760      66.2084     0.866702
      26.9954      66.3475     0.678357
      27.0148      68.2007     0.386574
      27.0337      66.4474      4.14190
      27.0530      66.0636     0.380110
      27.0728      68.6470     0.669211
      27.0922      65.2443      3.88335
      27.1302      66.9932     0.896566
      27.1495      69.0457     0.344575
      27.1687      67.9577     0.313727
      27.1885      68.7530     0.425411
      27.2071      70.1489     0.597394
      27.2263      69.4269     0.684083
      27.2455      68.5424     0.591220
      27.2718      67.3270      5.26417
      27.2943      67.2759     0.483167
      27.3160      66.0672      2.71025
      27.3384      83.9259      1.96336
      27.3607      67.0692     0.543373
      27.3831      67.7451     0.520539
      27.4054      71.1035     0.398015
      27.4277      69.7848     0.239780
      27.4499      67.4493      4.21998
      27.4714      70.0533      1.11842
      27.4937      69.9138     0.279301
      27.5158      68.9254     0.329770
      27.5380      67.5243     0.158908
      27.5601      67.2317      4.13421
      27.5823      69.1786     0.140817
      27.6044      72.0762      5.22705
      27.6264      66.5622     0.112615
      27.6485      66.7704     0.203137
      27.6705      68.2759     0.176983
      27.6925      63.8519     0.634271
      27.7145      72.8511      6.79419
      27.7583      67.3592     0.433643
      27.7801      71.9038      1.15618
      27.8020      68.6607      1.01447
      27.8238      60.4933      6.87028
      27.8456      69.2362     0.249743
      27.8674      67.5374      5.65026
      27.8892      68.9461     0.569405
      27.9110      68.1042     0.534455
      27.9327      70.1241     0.660664
      27.9545      70.5635     0.427573
      27.9761      69.2491     0.451287
      27.9978      67.9741     0.537147
      28.0195      71.2958     0.463691
      28.0411      72.7221     0.157724
      28.0627      73.2728      6.43738
      28.0834      69.6957     0.769017
      28.1049      70.7777     0.834018
      28.1272      75.1767      1.38732
      28.1480      73.9151     0.638208
      28.1695      71.9051     0.401977
      28.1909      76.1459      7.12766
      28.2124      73.0664     0.401052
      28.2338      74.8294     0.419748
      28.2552      70.4515     0.230792
      28.2758      71.6661     0.592730
      28.2979      71.1420     0.407770
      28.3191      74.7641     0.616684
      28.3396      72.9941     0.429881
      28.3609      73.7927      4.49852
      28.3822      71.4470      4.71198
      28.4035      72.7332     0.173296
      28.4247      73.0986     0.139373
      28.4459      71.2104    0.0952940
      28.4671      69.1884     0.328945
      28.4882      69.6264     0.395430
      28.5093      71.4987     0.196104
      28.5303      73.1437     0.535541
      28.5514      71.7792      2.05945
      28.5725      70.4982     0.303271
      28.5936      71.6065     0.319586
      28.6146      72.2441      1.43813
      28.6356      71.4183      1.37034
      28.6566      70.1962     0.134301
      28.6776      69.8356     0.260405
      28.6984      70.5520      2.65085
      28.7193      72.5038      3.00848
      28.7403      72.4162     0.444534
      28.7611      72.2528     0.368769
      28.7820      74.1525     0.597222
      28.8029      78.5120      7.71513
      28.8237      74.2396     0.334939
      28.8445      71.8807     0.511246
      28.8651      74.0187      1.02951
      28.8859      74.5895     0.985528
      28.9067      78.3105      8.29943
      28.9274      76.1648     0.509164
      28.9481      70.6017     0.431751
      28.9819      77.6157      4.57696
      29.0064      73.0844     0.730274
      29.0299      72.9660     0.525798
      29.0543      71.9172     0.418675
      29.0787      73.3279      1.15748
      29.1031      73.4297     0.353984
      29.1275      73.4916     0.358166
      29.1508      73.9973     0.301566
      29.1751      72.7291     0.215980
      29.1994      72.8137      1.09250
      29.2478      71.9764     0.211188
      29.2720      71.8984     0.306557
      29.2962      73.2928     0.381339
      29.3203      73.3585     0.339717
      29.3444      73.1354     0.591156
      29.3685      72.6205     0.544482
      29.3926      73.4371      2.59727
      29.4166      78.7837      5.74497
      29.4406      75.9090     0.464109
      29.4646      75.9904     0.461495
      29.4886      77.6572     0.349023
      29.5125      77.3702     0.332622
      29.5364      78.1674     0.252808
      29.5603      76.3211     0.213532
      29.5831      74.8380     0.377480
      29.6069      77.7005     0.350610
      29.6307      81.5308      2.42201
      29.6545      75.1307     0.316013
      29.6782      73.8720     0.347481
      29.7009      75.3187     0.168870
      29.7256      75.6050     0.232216
      29.7493      74.8738     0.130694
      29.7717      76.4323     0.334791
      29.7954      75.3932     0.490873
      29.8188      81.6209     0.822112
      29.8424      77.3369     0.305450
      29.8659      77.3891     0.409736
      29.9129      76.9749     0.618059
      29.9364      76.6164     0.512518
      29.9599      77.2017     0.535841
      29.9833      76.2801     0.774732
      30.0067      77.5087     0.720401
      30.0301      78.0357     0.565948
      30.0534      80.5961     0.412693
      30.0767      81.5139      6.10071
      30.1000      80.0683     0.224508
      30.1233      75.9356      1.53723
      30.1464      83.7691      1.02761
      30.1684      79.9010      3.82260
      30.1927      81.5743     0.741858
      30.2159      79.5720     0.550248
      30.2379      81.1824     0.520962
      30.2611      77.7094      6.87655
      30.2842      79.8364     0.223787
      30.3073      80.0764     0.233073
      30.3292      80.5957     0.500341
      30.3523      78.8567     0.123488
      30.3764      79.1032     0.136862
      30.3981      77.3123      3.14669
      30.4209      79.8276      3.49038
      30.4439      79.7330     0.245307
      30.4668      80.8048     0.398305
      30.4897      79.6158     0.240251
      30.5126      79.4758     0.223671
      30.5354      78.2582     0.620454
      30.5583      78.9082     0.443314
      30.5811      75.3744      2.45323
      30.6039      79.7323     0.387386
      30.6265      79.3523     0.709295
      30.6490      81.0094      1.57147
      30.6718      82.2087     0.631462
      30.6945      81.7321     0.618037
      30.7171      83.0329     0.632488
      30.7398      81.7986     0.445287
      30.7624      80.7292     0.389785
      30.7850      81.2786     0.254875
      30.8061      86.9781      1.39186
      30.8287      82.9163      1.01282
      30.8524      80.7006     0.789175
      30.8738      83.0638     0.737774
      30.8963      82.5176     0.487101
      30.9188      81.3183     0.360835
      30.9401      78.3948     0.236563
      30.9637      82.8905      6.52223
      30.9857      83.7970     0.664268
      31.0070      81.5875     0.452014
      31.0294      84.1955      1.19858
      31.0517      80.2571      6.40546
      31.0607      80.0409     0.398451
      31.0875      78.8955     0.645552
      31.1143      80.1219     0.804647
      31.1395      80.0284     0.741793
      31.1665      80.0088     0.718447
      31.1931      80.5212      1.31650
      31.2197      82.4658      2.81073
      31.2463      80.2708      1.29863
      31.2729      84.8880      5.63149
      31.2994      80.9551     0.991428
      31.3262      84.1287     0.435114
      31.3526      76.3045     0.438967
      31.3791      88.9248      7.58398
      31.4055      82.0810     0.392819
      31.4319      81.7930     0.358710
      31.4568      84.6267     0.389984
      31.4831      86.3616     0.501145
      31.5094      83.5751     0.380874
      31.5357      82.6101     0.836768
      31.5619      81.4243     0.610887
      31.5881      82.4802     0.269205
      31.6126      80.5747     0.250609
      31.6387      78.7317     0.333263
      31.6648      82.0862      3.78733
      31.6909      79.3707     0.775027
      31.7170      79.6430      1.79499
      31.7428      83.7534      1.39547
      31.7688      83.1276      3.53886
      31.7947      83.0976      1.25991
      31.8192      84.4064      1.92699
      31.8451      85.4118      1.29508
      31.8710      84.4721     0.863446
      31.8984      83.0341     0.785011
      31.9242      83.0042     0.705015
      31.9501      84.7675     0.903350
      31.9743      84.3303     0.577911
      32.0001      81.7586      1.96423
      32.0258      83.2332      1.10103
      32.0500      83.6459     0.389858
      32.0757      83.0377     0.345962
      32.1014      82.0010     0.276984
      32.1270      78.8780     0.349385
      32.1526      83.1355      1.52144
      32.1782      81.4996     0.519036
      32.2037      83.1306     0.638531
      32.2292      81.3710     0.280399
      32.2547      83.5479     0.684191
      32.2802      81.5765     0.549298
      32.3053      81.1991     0.803259
      32.3308      98.6239      12.1598
      32.3543      94.9167      11.4465
      32.3797      85.5605     0.732814
      32.4066      87.7160     0.539279
      32.4319      86.3666     0.509333
      32.4556      85.9148     0.324635
      32.4809      86.3060      1.28614
      32.5061      82.6260     0.230643
      32.5298      82.4504      1.39038
      32.5550      82.8076     0.357473
      32.5817      84.1504     0.475221
      32.6068      80.8065     0.892209
      32.6301      82.5424     0.337784
      32.6549      84.3417      1.20423
      32.6799      86.4643      1.16132
      32.7050      85.7644     0.837152
      32.7300      90.6402      1.20677
      32.7550      92.5642     0.962935
      32.7799      89.4773     0.558376
      32.8049      88.4610     0.956618
      32.8298      87.4847     0.280990
      32.8547      87.7625     0.151464
      32.8780      87.3375      1.02482
      32.9022      89.8928      1.27905
      32.9270      90.5067      1.32701
      32.9518      90.2620      1.19627
      32.9766      90.1801     0.382277
      33.0013      86.0732      1.67225
      33.0245      89.3016     0.581383
      33.0491      89.4709     0.653386
      33.0738      88.0703     0.323364
      33.1000      86.6216     0.511810
      33.1228      89.0052     0.350274
      33.1471      92.5835      3.19939
      33.1716      90.2854      1.09998
      33.1962      89.7556      1.83001
      33.2207      90.0479      1.31874
      33.2452      90.0292     0.895799
      33.2697      97.5624      9.28001
      33.2942      93.4863      6.16579
      33.3186      90.0793     0.815361
      33.3427      90.4943      1.24538
      33.3668      91.8162      1.41721
      33.3912      93.1201     0.776821
      33.4139      91.3171     0.467729
      33.4383      96.6388     0.811730
      33.4610      106.080     0.747837
      33.4869      108.526     0.432145
      33.5105      97.7605      1.03744
      33.5331      93.3115     0.653335
      33.5573      87.7314     0.886087
      33.5815      98.3855      1.84823
      33.6057      90.7033      1.49615
      33.6298      94.9530     0.556006
      33.6556      85.0896     0.997357
      33.6774      102.867      2.26598
      33.7015      86.4045      1.85940
      33.7255      92.3001      1.03472
      33.7496      97.5414     0.890748
      33.7736      96.6607     0.495715
      33.7976      97.0130     0.644775
      33.8213      97.8481      2.06129
      33.8432      96.9995      1.64219
      33.8688      95.1897      1.42049
      33.8927      98.6849     0.517490
      33.9150      96.8769     0.467456
      33.9389      98.0342     0.606195
      33.9512      107.407      6.23541
      33.9801      93.7068      5.05985
      34.0070      95.8496     0.603056
      34.0358      93.2020      1.01682
      34.0647      93.7228     0.922240
      34.0935      90.1000     0.806403
      34.1222      92.8544     0.783995
      34.1510      93.1476      6.77783
      34.1797      93.8678      1.19371
      34.2084      95.6194     0.955438
      34.2370      92.4977     0.611153
      34.2656      94.9609     0.788528
      34.2942      95.4054     0.790810
      34.3228      91.6308     0.769349
      34.3493      93.3769     0.496291
      34.3778      96.3291      1.01121
      34.4042      91.1693     0.729950
      34.4326      87.6527     0.703369
      34.4610      97.6557      1.90692
      34.4894      87.9861      1.32854
      34.5177      92.9816      1.68860
      34.5460      87.8202      1.64888
      34.5743      93.0337      1.16061
      34.6026      91.0047      1.05548
      34.6308      92.9050     0.531291
      34.6590      92.5191     0.456082
      34.6872      93.6678     0.425632
      34.7133      93.6477     0.515768
      34.7414      92.3450      1.56095
      34.7695      95.0360     0.948604
      34.7975      115.545      3.43972
      34.8256      119.521     0.897154
      34.8510      96.7068      5.21587
      34.8790      90.8323     0.696171
      34.9069      89.6563     0.951881
      34.9344      91.1496      3.57756
      34.9622      93.3842      1.85984
      34.9880      100.369      2.52219
      35.0179      94.9380      1.38867
      35.0457      93.6927     0.956422
      35.0735      94.6271      5.92122
      35.1013      95.7988     0.971667
      35.1290      94.2221     0.567328
      35.1546      93.5285      6.81802
      35.1802      95.5582     0.503903
      35.2078      91.5472     0.387142
      35.2375      90.2802      3.26766
      35.2651      93.0619     0.875002
      35.2901      93.7919      1.11777
      35.3176      94.9599      1.16988
      35.3446      97.3044      1.95890
      35.3700      98.0510      2.28518
      35.3974      97.7044      1.91472
      35.4269      90.4204      1.01307
      35.4543      96.7146      1.18133
      35.4817      98.5776      2.56785
      35.5091      95.7937     0.667898
      35.5343      94.4514     0.389159
      35.5616      95.6430      4.32223
      35.5889      91.8347     0.737854
      35.6161      94.8499      1.08677
      35.6401      103.959      1.70903
      35.6673      95.8976      1.66096
      35.6945      98.7491      1.23180
      35.7216      99.5872      1.32681
      35.7488      97.1453      1.13688
      35.7759      95.4651      3.09774
      35.8029      100.552     0.894727
      35.8300      99.0639     0.464945
      35.8570      100.111      1.81520
      35.8808      102.467      1.53815
      35.9077      99.0286      7.90428
      35.9347      99.2613      1.24407
      35.9616      103.314     0.825816
      35.9864      100.854     0.756860
      36.0132      96.4866      1.22842
      36.0401      101.686      1.28242
      36.0691      99.1473     0.897098
      36.0932      101.688      1.40103
      36.1199      105.679     0.906953
      36.1440      101.945      2.12181
      36.1728      105.263      2.45982
      36.1996      103.367     0.801035
      36.2262      104.183      2.72242
      36.2529      101.099      1.92085
      36.2774      96.5964     0.492060
      36.3294      106.727      2.30539
      36.3560      102.520     0.998314
      36.3804      100.940      1.43449
      36.4069      94.9543      1.35722
      36.4334      100.944     0.632398
      36.4620      109.811      15.1816
      36.4857      102.758      3.67391
      36.5115      103.862      4.87115
      36.5379      93.8501      3.32811
      36.5643      114.950      3.74065
      36.5907      93.5826      3.18501
      36.6170      109.634      1.57546
      36.6434      106.261      2.23724
      36.6663      107.812      4.31364
      36.6925      106.452      3.25087
      36.7188      101.650      1.76237
      36.7428      96.9138      2.54127
      36.7690      100.714     0.990602
      36.7974      99.7550      1.32014
      36.8208      108.445      1.74688
      36.8463      106.582      3.68019
