# 13
# F110W 30 1.17994 0 2.16458e-314 	#
0.8094 1.5724e-07
0.839067 3.22373e-06
0.868733 0.000330901
0.8984 0.37548
0.928067 0.712411
0.957733 0.766929
0.9874 0.787526
1.01707 0.799679
1.04673 0.869065
1.0764 0.890197
1.10607 0.895423
1.13573 0.897534
1.1654 0.921702
1.19507 0.94103
1.22473 0.951518
1.2544 0.968263
1.28407 0.980135
1.31373 0.970739
1.3434 0.981782
1.37307 0.911523
1.40273 0.469146
1.4324 0.000103412
1.46207 1.98496e-06
1.49173 1.71675e-06
1.5214 1.9811e-06
1.55107 1.05342e-06
1.58073 1.53095e-06
1.6104 1.06056e-06
1.64007 2.0477e-06
1.66973 1.84811e-06


# F160W 30 1.53896 1 0 	#
0.8094 0.000108322
0.839067 0.000108926
0.868733 0.000103169
0.8984 0.000108307
0.928067 0.00010263
0.957733 9.64638e-05
0.9874 8.85693e-05
1.01707 8.66244e-05
1.04673 8.97288e-05
1.0764 9.07675e-05
1.10607 9.18592e-05
1.13573 9.31987e-05
1.1654 9.48117e-05
1.19507 9.63163e-05
1.22473 9.79342e-05
1.2544 9.94767e-05
1.28407 0.000100479
1.31373 0.000101451
1.3434 0.000102166
1.37307 0.00147977
1.40273 0.623856
1.4324 0.995576
1.46207 0.985322
1.49173 0.960945
1.5214 0.973991
1.55107 0.950871
1.58073 0.944423
1.6104 0.895971
1.64007 0.835995
1.66973 0.813826


# F222M 30 2.21644 1 0 	#
2.0498 0.0138353
2.06147 0.0106036
2.07315 0.0145597
2.08482 0.0228784
2.09649 0.0400012
2.10817 0.0661372
2.11984 0.132776
2.13151 0.259795
2.14319 0.481299
2.15486 0.750161
2.16653 0.929316
2.17821 0.989151
2.18988 0.988315
2.20155 0.920786
2.21323 0.881742
2.2249 0.889352
2.23657 0.898088
2.24825 0.906719
2.25992 0.89708
2.27159 0.806033
2.28327 0.595724
2.29494 0.367216
2.30661 0.21206
2.31829 0.124876
2.32996 0.0764734
2.34163 0.0496351
2.35331 0.033511
2.36498 0.019053
2.37665 0.00976315
2.38833 0.00263548


# naco2p42 30 2.43121 1 0 	#
2.382 0
2.38527 0.0185185
2.38853 0.0419753
2.3918 0.0888889
2.39507 0.150617
2.39833 0.37963
2.4016 0.666667
2.40487 0.865432
2.40813 0.904938
2.4114 0.87037
2.41467 0.895062
2.41793 0.907407
2.4212 0.918519
2.42447 0.957407
2.42773 0.967901
2.431 0.981481
2.43427 0.995062
2.43753 0.97716
2.4408 0.992593
2.44407 0.943827
2.44733 0.91358
2.4506 0.92037
2.45387 0.890123
2.45713 0.780864
2.4604 0.603704
2.46367 0.391975
2.46693 0.264198
2.4702 0.105556
2.47347 0.0419753
2.47673 0.0185185


# nacoMp 30 4.78103 1 0 	#
4.35 0
4.38033 0.00842593
4.41067 0.0340741
4.441 0.172778
4.47133 0.427407
4.50167 0.784444
4.532 0.905778
4.56233 0.970926
4.59267 0.955556
4.623 0.955556
4.65333 0.955556
4.68367 0.958593
4.714 0.965333
4.74433 0.973426
4.77467 0.981037
4.805 0.987778
4.83533 0.995926
4.86567 1
4.896 1
4.92633 0.982444
4.95667 0.963704
4.987 0.950222
5.01733 0.848148
5.04767 0.67963
5.078 0.461333
5.10833 0.278114
5.13867 0.198451
5.169 0.118788
5.19933 0.0391246
5.22967 0.00674074


# F315 30 31.4573 1 0 	#
26.0581 0.00247321
26.6299 0.00247321
27.2017 0.00494641
27.7735 0.0230833
28.3453 0.178236
28.917 0.722176
29.4888 0.88211
30.0607 0.944765
30.6324 0.985985
31.2043 0.806265
31.776 0.824402
32.3479 0.631492
32.9196 0.570486
33.4915 0.408079
34.0632 0.327288
34.635 0.307502
35.2069 0.210223
35.7786 0.143776
36.3504 0.0511129
36.9222 0.000824402
37.4941 0.00577082
38.0658 0.0173124
38.6377 0.0230833
39.2094 0.0148392
39.7812 0.0148392
40.353 0.00824402
40.9248 0.00247321
41.4966 0.000824402
42.0684 0
42.6402 0


# F371 30 37.1497 1 0 	#
26.0576 0
26.5609 0.00194175
27.0641 0
27.5673 0.00485437
28.0706 0.000970874
28.5738 0.00291262
29.077 0.00194175
29.5803 0.00194175
30.0835 0
30.5867 0.00194175
31.09 0.00485437
31.5932 0.00582524
32.0964 0.0116505
32.5997 0.0213592
33.1029 0.0446602
33.6061 0.0601942
34.1094 0.0902913
34.6126 0.167961
35.1158 0.215534
35.6191 0.329126
36.1223 0.550485
36.6255 0.643689
37.1288 0.854369
37.632 0.929126
38.1352 0.498447
38.6385 0.420388
39.1417 0.24466
39.6449 0.151456
40.1482 0.139806
40.6514 0.0757282


# A53 30 53.562 1 0 	#
44.5 0.00871955
45.208 0.0141389
45.916 0.0506807
46.624 0.0334954
47.332 0.130202
48.04 0.00694704
48.748 0.352542
49.456 0.0254705
50.164 0.720033
50.872 0.880358
51.58 0.877688
52.288 0.998764
52.996 0.653581
53.704 0.954888
54.412 0.893153
55.12 0
55.828 0.166155
56.536 0.491787
57.244 0.551919
57.952 0.393865
58.66 0
59.368 0.192844
60.076 0.0894503
60.784 0.117068
61.492 0.0790631
62.2 0.0540997
62.908 0.00878552
63.616 0.0180468
64.324 0.0156016
65.032 0.00212896


# pacs70 30 71.2135 1 1 	#
25.53 0
28.7523 0
31.9747 0
35.197 0
38.4193 0
41.6417 0
44.864 0
48.0863 0
51.3087 0.00567137
54.531 0.0838343
57.7533 0.244049
60.9757 0.527184
64.198 0.909556
67.4203 0.986249
70.6427 0.981696
73.865 0.99765
77.0873 0.821271
80.3097 0.502737
83.532 0.300953
86.7543 0.177537
89.9767 0.111581
93.199 0.0752462
96.4213 0.0521874
99.6437 0.0362012
102.866 0.0281187
106.088 0.0242631
109.311 0.0223762
112.533 0.0175044
115.755 0.0101238
118.978 0.00737296


# pacs160 30 165.152 1 1 	#
122.2 0.00240964
125.37 0.00504362
128.54 0.00853012
131.71 0.0184498
134.88 0.0436378
138.05 0.0997364
141.22 0.187923
144.39 0.294378
147.56 0.435167
150.73 0.624496
153.9 0.790361
157.07 0.882024
160.24 0.969248
163.41 0.997166
166.58 0.974432
169.75 0.93633
172.92 0.916532
176.09 0.877408
179.26 0.755533
182.43 0.580138
185.6 0.38246
188.77 0.226136
191.94 0.136386
195.11 0.0788755
198.28 0.0453641
201.45 0.0287585
204.62 0.0170213
207.79 0.00949594
210.96 0.00793705
214.13 0.00722892


# spire250 30 251.581 1 0 	#
192.3 0
195.99 0.0149393
199.68 0.0295069
203.37 0.05606
207.06 0.180806
210.75 0.440171
214.44 0.642809
218.13 0.696987
221.82 0.720641
225.51 0.773002
229.2 0.827576
232.89 0.877734
236.58 0.888056
240.27 0.90382
243.96 0.923077
247.65 0.923077
251.34 0.929519
255.03 0.94726
258.72 0.969593
262.41 0.994638
266.1 0.987432
269.79 0.971441
273.48 0.949662
277.17 0.926954
280.86 0.863486
284.55 0.791626
288.24 0.58315
291.93 0.312821
295.62 0.127571
299.31 0.0637857


# spire350 30 351.489 1 1 	#
250 0
258.333 0
266.667 0
275 0.00182482
283.333 0.0164234
291.667 0.130779
300 0.431569
308.333 0.713909
316.667 0.812652
325 0.764599
333.333 0.790298
341.667 0.840633
350 0.879562
358.333 0.923763
366.667 0.965633
375 0.991788
383.333 1
391.667 0.909976
400 0.662409
408.333 0.33455
416.667 0.0261557
425 0
433.333 0
441.667 0
450 0
458.333 0
466.667 0
475 0
483.333 0
491.667 0


# spire500 30 460.236 1 1 	#
370.4 0
375.333 0
380.267 0
385.2 0.00332779
390.133 0.00332779
395.067 0.00665557
400 0.0232945
404.933 0.18839
409.867 0.433167
414.8 0.657238
419.733 0.876317
424.667 0.958735
429.6 0.983028
434.533 0.993344
439.467 0.996672
444.4 1
449.333 0.996672
454.267 0.989323
459.2 0.964393
464.133 0.934237
469.067 0.900832
474 0.876159
478.933 0.858458
483.867 0.848586
488.8 0.84193
493.733 0.834373
498.667 0.826955
503.6 0.820965
508.533 0.815466
513.467 0.810316


