5.2154670  0.1051745  0.0046340 
5.2455225  0.1098133  0.0030500 
5.2755780  0.1112930  0.0041850 
5.3056334  0.1094566  0.0032260 
5.3356988  0.1229901  0.0051440 
5.3657543  0.1221132  0.0028140 
5.3958097  0.1139469  0.0033590 
5.4258652  0.1106523  0.0032370 
5.4559206  0.1173009  0.0032050 
5.4859860  0.1202438  0.0033520 
5.5160415  0.1263953  0.0086410 
5.5460970  0.1249685  0.0044350 
5.5761524  0.1180044  0.0038770 
5.6062079  0.1247521  0.0067600 
5.6362733  0.1302976  0.0032210 
5.6663287  0.1278469  0.0084780 
5.6963842  0.1315065  0.0086780 
5.7264397  0.1318285  0.0043740 
5.7564951  0.1300037  0.0068060 
5.7865605  0.1275612  0.0046610 
5.8166160  0.1278733  0.0036160 
5.8466714  0.1288246  0.0034200 
5.8767269  0.1361041  0.0044820 
5.9067824  0.1378513  0.0048210 
5.9368478  0.1387282  0.0097300 
5.9669032  0.1444818  0.0049830 
5.9969587  0.1540171  0.0051790 
6.0270141  0.1729078  0.0052390 
6.0570696  0.1752578  0.0052600 
6.0871350  0.1794028  0.0075360 
6.1171905  0.1931939  0.0094390 
6.1472459  0.2236941  0.0044230 
6.1773014  0.2708507  0.0046550 
6.2073568  0.2975080  0.0052070 
6.2374222  0.2855698  0.0058390 
6.2674777  0.2581512  0.0058590 
6.2975331  0.2323146  0.0052380 
6.3275886  0.2120598  0.0052280 
6.3576441  0.1938215  0.0063220 
6.3877095  0.1861787  0.0099840 
6.4177649  0.1808545  0.0039420 
6.4478204  0.1774228  0.0041250 
6.4778758  0.1726369  0.0046820 
6.5079313  0.1696181  0.0049600 
6.5379967  0.1715123  0.0049000 
6.5680522  0.1733355  0.0108640 
6.5981076  0.1791584  0.0086690 
6.6281631  0.1808644  0.0084560 
6.6582185  0.1862695  0.0106650 
6.6882839  0.1930288  0.0162410 
6.7183394  0.1995684  0.0064600 
6.7483949  0.2078966  0.0050370 
6.7784503  0.2084548  0.0054280 
6.8085058  0.2124314  0.0068490 
6.8385712  0.2132439  0.0056400 
6.8686266  0.2153313  0.0050230 
6.8986821  0.2245380  0.0063480 
6.9287376  0.2341625  0.0055670 
6.9587930  0.2312428  0.0059510 
6.9888584  0.2723237  0.0067260 
7.0189139  0.2396023  0.0089580 
7.0489693  0.2140564  0.0050060 
7.0790248  0.2153230  0.0044080 
7.1090802  0.2274511  0.0048400 
7.1391456  0.2322238  0.0058630 
7.1692011  0.2295881  0.0058490 
7.1992566  0.2314096  0.0064450 
7.2293120  0.2397708  0.0090220 
7.2593675  0.2461750  0.0059500 
7.2894329  0.2506768  0.0061480 
7.3194883  0.2668773  0.0070620 
7.3495438  0.2760807  0.0157600 
7.3795993  0.2957195  0.0254930 
7.4096547  0.3177710  0.0290270 
7.4397201  0.3348930  0.0096000 
7.4096547  0.2744887  0.0054440 
7.4697756  0.3138885  0.0059240 
7.5298865  0.3110893  0.0154310 
7.5899974  0.3208939  0.0211340 
7.6501183  0.3240663  0.0271370 
7.7102292  0.3277787  0.0051220 
7.7703401  0.3262445  0.0122070 
7.8304610  0.3321384  0.0084950 
7.8905719  0.3221143  0.0048010 
7.9506927  0.2982710  0.0134490 
8.0108037  0.2832132  0.0079230 
8.0709146  0.2658468  0.0050800 
8.1310354  0.2615316  0.0084090 
8.1911464  0.2563643  0.0082330 
8.2512573  0.2586202  0.0198560 
8.3113781  0.2626348  0.0202350 
8.3714891  0.2637611  0.0193130 
8.4316000  0.2667452  0.0152000 
8.4917208  0.2676733  0.0153560 
8.5518318  0.2927420  0.0073580 
8.6119526  0.2820259  0.0155240 
8.6720635  0.2748620  0.0069140 
8.7321744  0.2505662  0.0053160 
8.7922953  0.2316573  0.0028230 
8.8524062  0.2202327  0.0033370 
8.9125171  0.2052923  0.0033450 
8.9726380  0.2017830  0.0036010 
9.0327489  0.1953044  0.0028010 
9.0928598  0.1853100  0.0078630 
9.1529807  0.1800535  0.0030290 
9.2130916  0.1785672  0.0026980 
9.2732125  0.1783245  0.0024860 
9.3333234  0.1759877  0.0045310 
9.3934343  0.1815249  0.0037620 
9.4535552  0.1748350  0.0043170 
9.5136661  0.1821640  0.0037620 
9.5737770  0.1761396  0.0040360 
9.6338979  0.1832226  0.0026520 
9.6940088  0.1900314  0.0036200 
9.7541197  0.1847997  0.0037660 
9.8142406  0.1846461  0.0030600 
9.8743515  0.1861770  0.0034350 
9.9344723  0.1885683  0.0031190 
9.9945833  0.1910025  0.0025880 
10.0546942  0.1955456  0.0031220 
10.1148150  0.2004652  0.0048580 
10.1749260  0.2042122  0.0025320 
10.2350369  0.2049967  0.0035690 
10.2951577  0.2098304  0.0030400 
10.3552687  0.2160249  0.0022850 
10.4153796  0.2214102  0.0033490 
10.4755004  0.2373316  0.0035200 
10.5356113  0.2571256  0.0030060 
10.5957322  0.2583956  0.0057940 
10.6558431  0.2584121  0.0055620 
10.7159540  0.2611964  0.0027050 
10.7760749  0.2689102  0.0031990 
10.8361858  0.2762211  0.0091070 
10.8962967  0.2839399  0.0041180 
10.9564176  0.3008786  0.0050750 
11.0165285  0.3272287  0.0030660 
11.0766394  0.3387475  0.0032850 
11.1367603  0.3961725  0.0053500 
11.1968712  0.5344334  0.0062480 
11.2569921  0.6098987  0.0081450 
11.3171030  0.5700398  0.0044700 
11.3772139  0.5012149  0.0050960 
11.4373348  0.4553250  0.0070950 
11.4974457  0.4274654  0.0054160 
11.5575566  0.4066030  0.0046300 
11.6176775  0.3947424  0.0043700 
11.6777884  0.3868189  0.0044010 
11.7378993  0.3869113  0.0093540 
11.7980202  0.3803783  0.0044610 
11.8581311  0.4076830  0.0098080 
11.9182519  0.4177402  0.0050420 
11.9783629  0.4281607  0.0058710 
12.0384738  0.4302217  0.0082610 
12.0985946  0.4308608  0.0091670 
12.1587055  0.4268858  0.0051800 
12.2188165  0.4342710  0.0167240 
12.2789373  0.4506284  0.0041730 
12.3390482  0.4641238  0.0046500 
12.3991592  0.4621355  0.0055430 
12.4592800  0.4774244  0.0061810 
12.5193909  0.4912651  0.0062210 
12.5795118  0.5049042  0.0055480 
12.6396227  0.5218066  0.0049370 
12.6997336  0.5317333  0.0061200 
12.7598545  0.6109837  0.0125960 
12.8199654  0.7322463  0.0079380 
12.8800763  0.6301501  0.0075800 
12.9401972  0.4768613  0.0067790 
13.0003081  0.4678181  0.0057190 
13.0604190  0.4726551  0.0071100 
13.1205399  0.4749968  0.0148760 
13.1806508  0.4785226  0.0152530 
13.2407617  0.4714232  0.0058610 
13.3008826  0.4742587  0.0068160 
13.3609935  0.4759646  0.0061030 
13.4211144  0.4755336  0.0057790 
13.4812253  0.4818767  0.0133550 
13.5413362  0.4913427  0.0065290 
13.6014571  0.4910173  0.0061660 
13.6615680  0.4900925  0.0064170 
13.7216789  0.4919603  0.0062240 
13.7817997  0.4983200  0.0061970 
13.8419107  0.4955720  0.0090410 
13.9020216  0.5062980  0.0061600 
13.9834914  0.5062980  0.0062340 
14.0676546  0.5130160  0.0113270 
14.1518178  0.5177090  0.0075720 
14.2359711  0.5194040  0.0090900 
14.3201344  0.5436790  0.0064410 
14.4042976  0.5335820  0.0056560 
14.4884509  0.5214050  0.0044890 
14.5726141  0.5241830  0.0067420 
14.6567774  0.5229700  0.0063650 
14.7409406  0.5267070  0.0064090 
14.8250939  0.5315210  0.0062070 
14.9092572  0.5384780  0.0070370 
14.9934204  0.5460100  0.0045750 
15.0775737  0.5455670  0.0070620 
15.1617369  0.5543830  0.0071540 
15.2459002  0.5565710  0.0081780 
15.3300535  0.5570630  0.0059770 
15.4142167  0.5682940  0.0041070 
15.4983799  0.6486810  0.0066290 
15.5825332  0.6824470  0.0105770 
15.6666965  0.6040820  0.0101470 
15.7508597  0.5939810  0.0042940 
15.8350130  0.6024450  0.0046330 
15.9191763  0.6080010  0.0077690 
16.0033405  0.6088420  0.0079820 
16.0875017  0.6193580  0.0088740 
16.1716560  0.6247570  0.0061410 
16.2558203  0.6368960  0.0073260 
16.3399825  0.6856910  0.0118920 
16.4241368  0.7312630  0.0114350 
16.5082980  0.7248360  0.0068440 
16.5924623  0.6997220  0.0065200 
16.6766166  0.7009020  0.0060060 
16.7607778  0.7144900  0.0132580 
16.8449421  0.7251550  0.0079230 
16.9290944  0.7279580  0.0174500 
17.0132586  0.8130510  0.0103510 
17.0974218  0.7874940  0.0134250 
17.1815741  0.7446610  0.0073440 
17.2657384  0.7581410  0.0134510 
17.3499016  0.7661380  0.0104860 
17.4340638  0.7656970  0.0123400 
17.5182181  0.7366170  0.0129990 
17.6023824  0.7349280  0.0113930 
17.6865436  0.7580190  0.0402770 
17.7706979  0.7512910  0.0135870 
17.8548621  0.7505670  0.0129540 
17.9390244  0.7601050  0.0200230 
18.0231787  0.7437010  0.0132990 
18.1073399  0.7468580  0.0130360 
18.1915042  0.7465280  0.0077120 
18.2756585  0.7523590  0.0116190 
18.3598197  0.7701610  0.0100150 
18.4439839  0.7762450  0.0094840 
18.5281362  0.7782570  0.0188230 
18.6123005  0.8019070  0.0210430 
18.6964637  0.9270320  0.0195470 
18.7806279  0.8768210  0.0116910 
18.8647802  0.8076940  0.0216060 
18.9489435  0.7930110  0.0450990 
19.0331057  0.7904550  0.0214520 
19.1172600  0.7908400  0.0147460 
19.2014243  0.7877100  0.0115320 
19.2855855  0.7808560  0.0123670 
19.3697398  0.7905290  0.0088060 
19.4539040  0.7984740  0.0088360 
19.5380663  0.8164800  0.0136630 
19.6222206  0.8129030  0.0190740 
19.7063818  0.8300390  0.0115330 
19.7905460  0.8347790  0.0090190 
19.8747003  0.8521680  0.0095560 
19.9588616  0.8604240  0.0320300 
20.0430258  0.8626740  0.0256920 
20.1271901  0.8773090  0.0147740 
20.2113424  0.8776320  0.0102280 
20.2955056  0.8919050  0.0137230 
20.3796698  0.8880830  0.0146200 
20.4638221  0.8788970  0.0119890 
20.6321476  0.8925060  0.0128760 
20.8004661  0.9082620  0.0096060 
20.9687817  0.9187480  0.0175270 
21.1371082  0.9444000  0.0115490 
21.3054237  0.9493820  0.0172560 
21.4737512  0.9512610  0.0126990 
21.6420677  0.9707540  0.0200130 
21.8103842  0.9918380  0.0091600 
21.9787117  1.0060980  0.0210950 
22.1470273  1.0165440  0.0145560 
22.3153438  1.0287010  0.0081290 
22.4836693  1.0460390  0.0201900 
22.6519878  1.0629860  0.0082590 
22.8203133  1.0876820  0.0110130 
22.9886298  1.1072250  0.0109870 
23.1569454  1.1129980  0.0231500 
23.3252738  1.1241430  0.0529290 
23.4935894  1.1470920  0.0126820 
23.6619059  1.1572020  0.0099820 
23.8302314  1.1720610  0.0196130 
23.9985499  1.1739450  0.0108090 
24.1668754  1.1835890  0.0088640 
24.3351919  1.1934210  0.0079850 
24.5035075  1.2166750  0.0125760 
24.6718349  1.2259500  0.0171250 
24.8401515  1.2268370  0.0123740 
25.0084680  1.2273600  0.0167240 
25.1767955  1.2631520  0.0120180 
25.3451120  1.2903420  0.0133520 
25.5134375  1.2900190  0.0156480 
25.6817530  1.2840370  0.0129150 
25.8500696  1.4499060  0.0239740 
26.0183970  1.4215600  0.0112590 
26.1867136  1.3899710  0.0162440 
26.3550301  1.3615210  0.0135950 
26.5233576  1.3660050  0.0138960 
26.6916731  1.3866560  0.0192720 
26.8599996  1.4115050  0.0131330 
27.0283151  1.4330350  0.0355410 
27.1966337  1.4325740  0.0152410 
27.3649592  1.4783540  0.0152250 
27.5332757  1.5024810  0.0200600 
27.7015912  1.5173230  0.0151660 
27.8699187  1.5067890  0.0181690 
28.0382352  1.5222270  0.0283050 
28.2065607  1.5410850  0.0197020 
28.3748792  1.5598670  0.0137870 
28.5431958  1.5885170  0.0139270 
28.7115213  1.6193890  0.0151050 
28.8798368  1.6306090  0.0113250 
29.0481533  1.6126830  0.0114260 
29.2164808  1.6434100  0.0160890 
29.3847973  1.6675720  0.0191040 
29.5531228  1.6788680  0.0124390 
29.7214414  1.7113160  0.0133740 
29.8897569  1.7212310  0.0379830 
30.0580834  1.7225620  0.0481230 
30.2263989  1.7427730  0.0909250 
30.3947174  1.7616770  0.0972340 
30.5630429  1.8217450  0.0248350 
30.7313595  1.8287520  0.0306300 
30.8996869  1.8535350  0.0134730 
31.0680025  1.8652140  0.0331000 
31.2363190  1.8642030  0.0372900 
31.4046445  1.9126900  0.0147270 
31.5729630  1.9349170  0.1203380 
31.7412795  1.9491350  0.0200860 
31.9096050  1.9638760  0.0269980 
32.0779206  1.9987800  0.0190570 
32.2462490  2.0578410  0.0301860 
32.4145646  2.1074650  0.1670020 
32.5828811  2.1515180  0.0469570 
32.7512086  2.2046720  0.0191790 
32.9195251  2.2132800  0.0279510 
33.0878407  2.2341180  0.0258210 
33.2561681  2.2810130  0.0482700 
33.4244847  2.3552170  0.0301210 
33.5928082  2.3162580  0.2992550 
33.7611247  2.3194770  0.0463940 
33.9294452  2.3140400  0.0349560 
34.0977687  2.3941180  0.0379780 
34.2660852  2.3926250  0.1981360 
34.4344008  2.3492950  0.0665670 
34.6027282  2.6164770  0.0626830 
34.7710448  2.9335740  0.0995600 
34.9393723  2.6702020  0.0554940 
35.1076888  2.2930920  0.0499670 
35.2760043  2.5171020  0.0585350 
35.4443328  2.5632750  0.0610970 
35.6126483  2.4897480  0.0688520 
35.7809649  2.5276620  0.1748330 
35.9492923  2.5064040  0.1675930 
36.1176089  2.5148510  0.0568210 
36.2859364  2.5048750  0.2337620 
36.4542529  2.4709350  0.1284530 
36.6225684  2.4900420  0.0819020 
36.7908919  2.5404660  0.1148590 
36.9592085  2.7838690  0.0863400 
37.1275290  2.5389290  0.2594990 
