# 12
# F110W 30 1.1281 0 2.147e-314 	#
0.6 1.37058e-06
0.633333 1.36055e-05
0.666667 1.07384e-05
0.7 7.29741e-06
0.733333 5.15548e-06
0.766667 0.00249676
0.8 0.388149
0.833333 0.856641
0.866667 0.853306
0.9 0.454316
0.933333 0.80235
0.966667 0.928905
1 0.961756
1.03333 0.869485
1.06667 0.889521
1.1 0.925526
1.13333 0.91001
1.16667 0.947361
1.2 0.931127
1.23333 0.967326
1.26667 0.994685
1.3 0.876141
1.33333 0.696665
1.36667 0.695257
1.4 0.27687
1.43333 0.00834541
1.46667 0.000598102
1.5 1.28479e-05
1.53333 5.57544e-05
1.56667 7.94514e-05


# F160W 30 1.59471 1 0 	#
1.1985 7.09965e-05
1.22525 3.51858e-05
1.252 2.63567e-05
1.27875 1.98873e-05
1.3055 0.000140446
1.33225 0.000498758
1.359 0.00814778
1.38575 0.156362
1.4125 0.809712
1.43925 0.972066
1.466 0.963762
1.49275 0.996846
1.5195 0.97807
1.54625 0.964632
1.573 0.99065
1.59975 0.967557
1.6265 0.95108
1.65325 0.993988
1.68 0.987899
1.70675 0.938447
1.7335 0.826619
1.76025 0.894172
1.787 0.775059
1.81375 0.110285
1.8405 0.010965
1.86725 0.00236085
1.894 0.00084689
1.92075 7.29211e-05
1.9475 0.000212807
1.97425 0.00037476


# ukirtK 30 2.20047 1 0 	#
1.8 0.000950149
1.82333 0.00122917
1.84667 0.000101708
1.87 0.00135228
1.89333 4.40192e-05
1.91667 0.000530995
1.94 0.00103255
1.96333 0.0020111
1.98667 0.0109334
2.01 0.068681
2.03333 0.597356
2.05667 0.895092
2.08 0.916523
2.10333 0.971921
2.12667 0.952594
2.15 0.922991
2.17333 0.951531
2.19667 0.964242
2.22 0.970196
2.24333 0.986796
2.26667 0.986997
2.29 0.996366
2.31333 0.982714
2.33667 0.986636
2.36 0.77902
2.38333 0.0685586
2.40667 0.00672004
2.43 0.00158875
2.45333 0
2.47667 0.000233383


# ukirtLp 30 3.77412 1 0 	#
3.0003 0
3.04957 0.000853138
3.09883 0.00118754
3.1481 0.0027016
3.19737 0
3.24663 0.00117721
3.2959 0.00473342
3.34517 0.0222114
3.39443 0.109469
3.4437 0.881445
3.49297 0.965219
3.54223 0.910402
3.5915 0.94969
3.64077 0.98199
3.69003 0.981565
3.7393 0.949165
3.78857 0.963586
3.83783 0.968005
3.8871 0.975675
3.93637 0.985258
3.98563 0.943179
4.0349 0.956049
4.08417 0.980971
4.13343 0.326773
4.1827 0.0343776
4.23197 0.00432008
4.28123 0.000540262
4.3305 0.000347408
4.37977 0
4.42903 0


# ukirtM 30 4.75779 1 0 	#
2.2272 0
2.32987 0.00670657
2.43253 0.00490937
2.5352 0.00042434
2.63787 0.000647563
2.74053 0.0005249
2.8432 0.00027265
2.94587 0.000758926
3.04853 2.47535e-05
3.1512 0.000258361
3.25387 0.000621633
3.35653 0.000465529
3.4592 0.000593162
3.56187 0.000337059
3.66453 0.000470072
3.7672 0.000309415
3.86987 0.000131869
3.97253 1.64215e-05
4.0752 0.000147794
4.17787 0.000279166
4.28053 0.000410538
4.3832 0.0095487
4.48587 0.943328
4.58853 0.946294
4.6912 0.94204
4.79387 0.980412
4.89653 0.993575
4.9992 0.973781
5.10187 0.22223
5.20453 0.00338121


# F315 30 31.4573 1 0 	#
26.0581 0.00247321
26.6299 0.00247321
27.2017 0.00494641
27.7735 0.0230833
28.3453 0.178236
28.917 0.722176
29.4888 0.88211
30.0607 0.944765
30.6324 0.985985
31.2043 0.806265
31.776 0.824402
32.3479 0.631492
32.9196 0.570486
33.4915 0.408079
34.0632 0.327288
34.635 0.307502
35.2069 0.210223
35.7786 0.143776
36.3504 0.0511129
36.9222 0.000824402
37.4941 0.00577082
38.0658 0.0173124
38.6377 0.0230833
39.2094 0.0148392
39.7812 0.0148392
40.353 0.00824402
40.9248 0.00247321
41.4966 0.000824402
42.0684 0
42.6402 0


# pacs70 30 71.2135 1 1 	#
25.53 0
28.7523 0
31.9747 0
35.197 0
38.4193 0
41.6417 0
44.864 0
48.0863 0
51.3087 0.00567137
54.531 0.0838343
57.7533 0.244049
60.9757 0.527184
64.198 0.909556
67.4203 0.986249
70.6427 0.981696
73.865 0.99765
77.0873 0.821271
80.3097 0.502737
83.532 0.300953
86.7543 0.177537
89.9767 0.111581
93.199 0.0752462
96.4213 0.0521874
99.6437 0.0362012
102.866 0.0281187
106.088 0.0242631
109.311 0.0223762
112.533 0.0175044
115.755 0.0101238
118.978 0.00737296


# pacs100 30 120.545 1 0 	#
101.5 1
103.434 0.960714
105.367 0.869911
107.3 0.842446
109.234 0.828619
111.167 0.811715
113.1 0.789691
115.034 0.748353
116.967 0.695831
118.9 0.622392
120.834 0.508973
122.767 0.363807
124.7 0.212285
126.634 0.0956628
128.567 0.03333
130.5 0.0121762
132.434 0.0106252
134.367 0.0106332
136.3 0.00818725
138.234 0.00521934
140.167 0.00287131
142.1 0.00128806
144.034 0.000555477
145.967 0.000234803
147.9 9.66047e-05
149.834 4.0252e-05
151.767 2.0126e-05
153.7 1.61008e-05
155.634 0.914715
157.567 0.902113


# pacs160 30 165.152 1 1 	#
122.2 0.00240964
125.37 0.00504362
128.54 0.00853012
131.71 0.0184498
134.88 0.0436378
138.05 0.0997364
141.22 0.187923
144.39 0.294378
147.56 0.435167
150.73 0.624496
153.9 0.790361
157.07 0.882024
160.24 0.969248
163.41 0.997166
166.58 0.974432
169.75 0.93633
172.92 0.916532
176.09 0.877408
179.26 0.755533
182.43 0.580138
185.6 0.38246
188.77 0.226136
191.94 0.136386
195.11 0.0788755
198.28 0.0453641
201.45 0.0287585
204.62 0.0170213
207.79 0.00949594
210.96 0.00793705
214.13 0.00722892


# spire250 30 251.581 1 0 	#
192.3 0
195.99 0.0149393
199.68 0.0295069
203.37 0.05606
207.06 0.180806
210.75 0.440171
214.44 0.642809
218.13 0.696987
221.82 0.720641
225.51 0.773002
229.2 0.827576
232.89 0.877734
236.58 0.888056
240.27 0.90382
243.96 0.923077
247.65 0.923077
251.34 0.929519
255.03 0.94726
258.72 0.969593
262.41 0.994638
266.1 0.987432
269.79 0.971441
273.48 0.949662
277.17 0.926954
280.86 0.863486
284.55 0.791626
288.24 0.58315
291.93 0.312821
295.62 0.127571
299.31 0.0637857


# spire350 30 351.489 1 1 	#
250 0
258.333 0
266.667 0
275 0.00182482
283.333 0.0164234
291.667 0.130779
300 0.431569
308.333 0.713909
316.667 0.812652
325 0.764599
333.333 0.790298
341.667 0.840633
350 0.879562
358.333 0.923763
366.667 0.965633
375 0.991788
383.333 1
391.667 0.909976
400 0.662409
408.333 0.33455
416.667 0.0261557
425 0
433.333 0
441.667 0
450 0
458.333 0
466.667 0
475 0
483.333 0
491.667 0


# spire500 30 460.236 1 1 	#
370.4 0
375.333 0
380.267 0
385.2 0.00332779
390.133 0.00332779
395.067 0.00665557
400 0.0232945
404.933 0.18839
409.867 0.433167
414.8 0.657238
419.733 0.876317
424.667 0.958735
429.6 0.983028
434.533 0.993344
439.467 0.996672
444.4 1
449.333 0.996672
454.267 0.989323
459.2 0.964393
464.133 0.934237
469.067 0.900832
474 0.876159
478.933 0.858458
483.867 0.848586
488.8 0.84193
493.733 0.834373
498.667 0.826955
503.6 0.820965
508.533 0.815466
513.467 0.810316


