# 9
# F110W 30 1.1281 0 2.21341e-314 	#
0.6 1.37058e-06
0.633333 1.36055e-05
0.666667 1.07384e-05
0.7 7.29741e-06
0.733333 5.15548e-06
0.766667 0.00249676
0.8 0.388149
0.833333 0.856641
0.866667 0.853306
0.9 0.454316
0.933333 0.80235
0.966667 0.928905
1 0.961756
1.03333 0.869485
1.06667 0.889521
1.1 0.925526
1.13333 0.91001
1.16667 0.947361
1.2 0.931127
1.23333 0.967326
1.26667 0.994685
1.3 0.876141
1.33333 0.696665
1.36667 0.695257
1.4 0.27687
1.43333 0.00834541
1.46667 0.000598102
1.5 1.28479e-05
1.53333 5.57544e-05
1.56667 7.94514e-05


# F160W 30 1.59471 1 0 	#
1.1985 7.09965e-05
1.22525 3.51858e-05
1.252 2.63567e-05
1.27875 1.98873e-05
1.3055 0.000140446
1.33225 0.000498758
1.359 0.00814778
1.38575 0.156362
1.4125 0.809712
1.43925 0.972066
1.466 0.963762
1.49275 0.996846
1.5195 0.97807
1.54625 0.964632
1.573 0.99065
1.59975 0.967557
1.6265 0.95108
1.65325 0.993988
1.68 0.987899
1.70675 0.938447
1.7335 0.826619
1.76025 0.894172
1.787 0.775059
1.81375 0.110285
1.8405 0.010965
1.86725 0.00236085
1.894 0.00084689
1.92075 7.29211e-05
1.9475 0.000212807
1.97425 0.00037476


# C89 30 89.2738 1 0 	#
73.7 0.00592453
75.0133 0.00280757
76.3267 0.0227866
77.64 0.0714722
78.9533 0.00131258
80.2667 0.313659
81.58 0.293361
82.8933 0.430952
84.2067 0.870078
85.52 0.946335
86.8333 0.98921
88.1467 0.95459
89.46 0.699758
90.7733 0.833832
92.0867 0.906273
93.4 0.0117612
94.7133 0.00343984
96.0267 0.215918
97.34 0.485481
98.6533 0.100689
99.9667 0.0184673
101.28 0.0137737
102.593 0.123171
103.907 6.66466e-06
105.22 0.0418799
106.533 0.0295579
107.847 6.60736e-06
109.16 0.00953547
110.473 0.00953963
111.787 0.00211907


# pacs70 30 71.2135 1 1 	#
25.53 0
28.7523 0
31.9747 0
35.197 0
38.4193 0
41.6417 0
44.864 0
48.0863 0
51.3087 0.00567137
54.531 0.0838343
57.7533 0.244049
60.9757 0.527184
64.198 0.909556
67.4203 0.986249
70.6427 0.981696
73.865 0.99765
77.0873 0.821271
80.3097 0.502737
83.532 0.300953
86.7543 0.177537
89.9767 0.111581
93.199 0.0752462
96.4213 0.0521874
99.6437 0.0362012
102.866 0.0281187
106.088 0.0242631
109.311 0.0223762
112.533 0.0175044
115.755 0.0101238
118.978 0.00737296


# pacs100 30 120.545 1 0 	#
101.5 1
103.434 0.960714
105.367 0.869911
107.3 0.842446
109.234 0.828619
111.167 0.811715
113.1 0.789691
115.034 0.748353
116.967 0.695831
118.9 0.622392
120.834 0.508973
122.767 0.363807
124.7 0.212285
126.634 0.0956628
128.567 0.03333
130.5 0.0121762
132.434 0.0106252
134.367 0.0106332
136.3 0.00818725
138.234 0.00521934
140.167 0.00287131
142.1 0.00128806
144.034 0.000555477
145.967 0.000234803
147.9 9.66047e-05
149.834 4.0252e-05
151.767 2.0126e-05
153.7 1.61008e-05
155.634 0.914715
157.567 0.902113


# pacs160 30 165.152 1 1 	#
122.2 0.00240964
125.37 0.00504362
128.54 0.00853012
131.71 0.0184498
134.88 0.0436378
138.05 0.0997364
141.22 0.187923
144.39 0.294378
147.56 0.435167
150.73 0.624496
153.9 0.790361
157.07 0.882024
160.24 0.969248
163.41 0.997166
166.58 0.974432
169.75 0.93633
172.92 0.916532
176.09 0.877408
179.26 0.755533
182.43 0.580138
185.6 0.38246
188.77 0.226136
191.94 0.136386
195.11 0.0788755
198.28 0.0453641
201.45 0.0287585
204.62 0.0170213
207.79 0.00949594
210.96 0.00793705
214.13 0.00722892


# spire250 30 251.581 1 0 	#
192.3 0
195.99 0.0149393
199.68 0.0295069
203.37 0.05606
207.06 0.180806
210.75 0.440171
214.44 0.642809
218.13 0.696987
221.82 0.720641
225.51 0.773002
229.2 0.827576
232.89 0.877734
236.58 0.888056
240.27 0.90382
243.96 0.923077
247.65 0.923077
251.34 0.929519
255.03 0.94726
258.72 0.969593
262.41 0.994638
266.1 0.987432
269.79 0.971441
273.48 0.949662
277.17 0.926954
280.86 0.863486
284.55 0.791626
288.24 0.58315
291.93 0.312821
295.62 0.127571
299.31 0.0637857


# spire350 30 351.489 1 1 	#
250 0
258.333 0
266.667 0
275 0.00182482
283.333 0.0164234
291.667 0.130779
300 0.431569
308.333 0.713909
316.667 0.812652
325 0.764599
333.333 0.790298
341.667 0.840633
350 0.879562
358.333 0.923763
366.667 0.965633
375 0.991788
383.333 1
391.667 0.909976
400 0.662409
408.333 0.33455
416.667 0.0261557
425 0
433.333 0
441.667 0
450 0
458.333 0
466.667 0
475 0
483.333 0
491.667 0


# spire500 30 502.162 1 1 	#
370.4 0
391.387 0.00332779
412.373 0.549018
433.36 0.990738
454.347 0.988991
475.333 0.870137
496.32 0.830283
517.307 0.806559
538.293 0.792013
559.28 0.788686
580.267 0.787879
601.253 0.734059
622.24 0.205158
643.227 0.0560455
664.213 0.00998336
685.2 0.00332779
706.187 0.00166389
727.173 0
748.16 0
769.147 0
790.133 0
811.12 0
832.107 0
853.093 0
874.08 0
895.067 0
916.053 0
937.04 0
958.027 0
979.013 0


