5.2303773  0.6623671  0.0213320 
5.2605186  0.6601375  0.0280650 
5.2906600  0.6632083  0.0123210 
5.3208014  0.6752003  0.0090010 
5.3509528  0.6857584  0.0082980 
5.3810941  0.6729100  0.0095530 
5.4112355  0.6850898  0.0098650 
5.4413769  0.7231075  0.0089540 
5.4715183  0.7098162  0.0098110 
5.5016696  0.7216280  0.0081170 
5.5318110  0.7002122  0.0082470 
5.5619524  0.6878946  0.0082280 
5.5920938  0.7352688  0.0095930 
5.6222352  0.7395238  0.0064240 
5.6523865  0.7107616  0.0062790 
5.6825279  0.7144033  0.0094440 
5.7126693  0.7210310  0.0094800 
5.7428107  0.7194539  0.0070150 
5.7729521  0.7237034  0.0082880 
5.8031034  0.7340282  0.0124200 
5.8332448  0.7381018  0.0106740 
5.8633862  0.7465879  0.0273680 
5.8935276  0.7503446  0.0126190 
5.9236689  0.7563818  0.0142160 
5.9538203  0.7573869  0.0147940 
5.9839617  0.7600875  0.0117960 
6.0141031  0.7611849  0.0099330 
6.0442444  0.7626926  0.0127730 
6.0743858  0.7706511  0.0073330 
6.1045372  0.7837296  0.0073030 
6.1346786  0.7931296  0.0111320 
6.1648199  0.7851885  0.0084170 
6.1949613  0.7979153  0.0092040 
6.2251027  0.8010783  0.0076490 
6.2552541  0.8019705  0.0083800 
6.2853954  0.8049316  0.0072400 
6.3155368  0.8044964  0.0082810 
6.3456782  0.8146181  0.0089330 
6.3758196  0.8204654  0.0109000 
6.4059709  0.8241668  0.0079110 
6.4361123  0.8186951  0.0076220 
6.4662537  0.8171972  0.0094050 
6.4963951  0.8119512  0.0116210 
6.5265365  0.8151044  0.0122650 
6.5566878  0.8256398  0.0202030 
6.5868292  0.8298545  0.0298500 
6.6169706  0.8348650  0.0195030 
6.6471120  0.8416848  0.0150700 
6.6772534  0.8413353  0.0139680 
6.7074047  0.8406905  0.0078210 
6.7375461  0.8429049  0.0086170 
6.7676875  0.8462719  0.0089290 
6.7978289  0.8542532  0.0079720 
6.8279702  0.8618904  0.0083490 
6.8581216  0.8766568  0.0096260 
6.8882630  0.8894108  0.0115410 
6.9184044  0.8956564  0.0099820 
6.9485457  0.9094774  0.0121480 
6.9786871  1.0531719  0.0174590 
7.0088385  0.9589260  0.0121990 
7.0389799  0.8948423  0.0134490 
7.0691212  0.9039568  0.0108630 
7.0992626  0.9055904  0.0107190 
7.1294040  0.9077472  0.0151920 
7.1595554  0.9168335  0.0148290 
7.1896968  0.9189598  0.0146250 
7.2198381  0.9232072  0.0129010 
7.2499795  0.9321003  0.0126990 
7.2801209  0.9399578  0.0324110 
7.3102723  0.9517512  0.0145400 
7.3404136  0.9547763  0.0133350 
7.3705550  0.9558856  0.0117680 
7.4006964  0.9600895  0.0149890 
7.4308378  0.9686776  0.0131320 
7.4609891  0.9824237  0.0151710 
7.4308378  0.9936917  0.0084690 
7.4911305  1.0044159  0.0133080 
7.5514133  0.9781079  0.0100560 
7.6116961  1.1476448  0.0199540 
7.6719888  1.2090658  0.0231230 
7.7322716  1.0595098  0.0107000 
7.7925543  1.0266914  0.0096970 
7.8528471  1.0544875  0.0215160 
7.9131298  1.0651618  0.0337480 
7.9734226  1.0735631  0.0283980 
8.0337053  1.0795971  0.0206540 
8.0939881  1.0715062  0.0114980 
8.1542808  1.0873374  0.0477240 
8.2145636  1.1037689  0.0626400 
8.2748464  1.1141327  0.0667110 
8.3351391  1.1238909  0.0643050 
8.3954219  1.1313761  0.0590440 
8.4557046  1.1347616  0.0204680 
8.5159974  1.1488311  0.0195940 
8.5762801  1.1647633  0.0200540 
8.6365729  1.1788687  0.0202980 
8.6968556  1.1901074  0.0528780 
8.7571384  1.1989418  0.0357960 
8.8174311  1.1980485  0.0323740 
8.8777139  1.2041845  0.0318540 
8.9379967  1.2622211  0.0297500 
8.9982894  1.3470064  0.0090500 
9.0585722  1.2694111  0.0138880 
9.1188549  1.2675463  0.0166990 
9.1791477  1.2806628  0.0170620 
9.2394304  1.3003485  0.0216210 
9.2997232  1.3260627  0.0233660 
9.3600059  1.3433842  0.0192190 
9.4202887  1.3717024  0.0183220 
9.4805814  1.4158572  0.0303710 
9.5408642  1.4571302  0.0188630 
9.6011470  1.4456571  0.0302160 
9.6614397  1.4762113  0.0271890 
9.7217225  1.4882749  0.0817070 
9.7820052  1.5116739  0.0238230 
9.8422980  1.5264815  0.0703370 
9.9025807  1.5476987  0.0251190 
9.9628735  1.5705712  0.0241180 
10.0231562  1.5949167  0.0211200 
10.0834390  1.6114057  0.0181540 
10.1437317  1.6299169  0.0162570 
10.2040145  1.6458740  0.0197160 
10.2642973  1.6655314  0.0183260 
10.3245900  1.6854667  0.0189080 
10.3848728  1.7017886  0.0204680 
10.4451555  1.8466391  0.0197030 
10.5054483  2.0510730  0.0627700 
10.5657310  1.9386252  0.0130750 
10.6260238  1.7817642  0.0249930 
10.6863065  1.8200717  0.0428000 
10.7465893  1.8302076  0.0478740 
10.8068820  1.8468757  0.0276600 
10.8671648  1.8660762  0.0271130 
10.9274476  1.8824382  0.0238750 
10.9877403  1.8954993  0.0279430 
11.0480231  1.9143904  0.0280210 
11.1083058  1.9403434  0.0755470 
11.1685986  1.9639128  0.0860830 
11.2288813  1.9986210  0.0263940 
11.2891741  2.0253794  0.0333700 
11.3494568  2.0171474  0.0248020 
11.4097396  2.0159056  0.0311290 
11.4700323  2.0354035  0.0814980 
11.5303151  2.0444083  0.0312740 
11.5905979  2.0548547  0.0300720 
11.6508906  2.0637586  0.0251500 
11.7111734  2.0750277  0.0280810 
11.7714561  2.0713697  0.0259450 
11.8317489  2.0644250  0.0213190 
11.8920317  2.0980239  0.0361440 
11.9523244  2.1247530  0.0329440 
12.0126072  2.1360123  0.0208020 
12.0728899  2.1540438  0.0218950 
12.1331827  2.1644977  0.0224380 
12.1934654  2.1841714  0.0200950 
12.2537482  2.2062786  0.0263090 
12.3140409  2.2243828  0.0648830 
12.3743237  2.2395693  0.0246970 
12.4346065  2.2387888  0.0448080 
12.4948992  2.2399437  0.0285750 
12.5551820  2.2629161  0.0280010 
12.6154747  2.2819049  0.0251850 
12.6757575  2.2865180  0.0246790 
12.7360402  2.5451015  0.0293570 
12.7963330  3.0506239  0.0178110 
12.8566157  2.8394678  0.0187490 
12.9168985  2.3815206  0.0180740 
12.9771912  2.3444428  0.0217520 
13.0374740  2.3699595  0.0194950 
13.0977568  2.3973236  0.0174520 
13.1580495  2.3991601  0.0154220 
13.2183323  2.4016458  0.0156090 
13.2786150  2.4045309  0.0155940 
13.3389078  2.4262149  0.0264700 
13.3991905  2.4423468  0.0247750 
13.4594833  2.4694178  0.0235000 
13.5197660  2.4983080  0.0268860 
13.5800488  2.5244987  0.0746050 
13.6403415  2.5458537  0.0648930 
13.7006243  2.5731885  0.0316360 
13.7609071  2.6017466  0.0527560 
13.8211998  2.6332820  0.0381750 
13.8814826  2.6543918  0.0306640 
13.9417653  2.6889350  0.0423450 
14.0234680  2.6889350  0.0197780 
14.1078719  2.6867980  0.0244910 
14.1922757  2.7587690  0.0381240 
14.2766696  3.1614540  0.0913650 
14.3610734  3.1211470  0.0182010 
14.4454773  2.8698330  0.0180060 
14.5298712  2.8439070  0.0373670 
14.6142750  2.8997160  0.0415110 
14.6986789  2.9519770  0.0791930 
14.7830827  2.9938500  0.0431400 
14.8674766  3.0200980  0.0453230 
14.9518804  3.0651200  0.0479190 
15.0362843  3.0885240  0.0345290 
15.1206782  3.1151700  0.0447520 
15.2050820  3.1402280  0.0467380 
15.2894859  3.1832280  0.0337120 
15.3738797  3.1905620  0.0494310 
15.4582836  3.6548730  0.0200200 
15.5426874  4.4330320  0.0873210 
15.6270813  3.9491060  0.0174990 
15.7114852  3.3533420  0.0168600 
15.7958890  3.3899060  0.0360300 
15.8802829  3.4312110  0.0332110 
15.9646867  3.4943940  0.0954430 
16.0490916  3.5215410  0.0516320 
16.1334934  3.5709660  0.0421940 
16.2178883  3.6252890  0.0636880 
16.3022932  3.6515510  0.0308010 
16.3866960  3.7349810  0.0383010 
16.4710909  3.7452390  0.0767110 
16.5554927  3.7574710  0.0774380 
16.6398976  3.7449290  0.0330160 
16.7242925  3.7665230  0.1152650 
16.8086943  3.8290520  0.0932300 
16.8930992  3.8741810  0.0298780 
16.9774920  3.9314910  0.0216980 
17.0618969  3.9573530  0.0206680 
17.1463007  3.9051640  0.0314830 
17.2306936  3.9232920  0.0221550 
17.3150985  4.0047730  0.0225880 
17.3995023  4.0583010  0.0278620 
17.4839052  4.0867510  0.0227700 
17.5683000  4.0895300  0.0326200 
17.6527049  4.1266490  0.0237110 
17.7371067  4.1036600  0.0791330 
17.8215016  4.1229440  0.1344860 
17.9059065  4.1770580  0.0921170 
17.9903093  4.1869160  0.0311830 
18.0747042  4.1314100  0.0539050 
18.1591060  4.1768070  0.0338090 
18.2435109  4.1628600  0.0290790 
18.3279058  4.2512050  0.0340900 
18.4123076  4.2534170  0.0339800 
18.4967125  4.2465950  0.0410950 
18.5811053  4.2445260  0.0956540 
18.6655102  4.7777680  0.0981340 
18.7499140  4.7027080  0.0255630 
18.8343189  4.3613950  0.0246830 
18.9187118  4.2541830  0.0245800 
19.0031156  4.2192900  0.0555670 
19.0875185  4.2463580  0.1323530 
19.1719133  4.2483080  0.0589960 
19.2563182  4.2523850  0.0372550 
19.3407200  4.2048350  0.0259960 
19.4251149  4.2134050  0.1196570 
19.5095198  4.3084740  0.0386040 
19.5939226  4.2719220  0.1028280 
19.6783175  4.2145630  0.0309490 
19.7627193  4.2166010  0.0316340 
19.8471242  4.2351980  0.1360860 
19.9315191  4.2350080  0.0879670 
20.0159209  4.2755280  0.0416470 
20.1003258  4.2715640  0.0283030 
20.1847306  4.2543160  0.0247590 
20.2691235  4.2083830  0.0451130 
20.3535273  4.2066550  0.0971100 
20.4379322  4.1908390  0.0582680 
20.5223251  4.1251080  0.0265150 
20.6911318  4.2123090  0.0481740 
20.8599315  4.2731800  0.0415110 
21.0287282  4.1505410  0.0599830 
21.1975359  4.2018690  0.0274150 
21.3663326  4.2684480  0.0405100 
21.5351413  4.2267260  0.0592080 
21.7039391  4.2326250  0.0646090 
21.8727368  4.2835000  0.0249490 
22.0415455  4.3566190  0.0812760 
22.2103422  4.2845790  0.0723330 
22.3791399  4.3039280  0.0527860 
22.5479466  4.3294720  0.0504240 
22.7167463  4.3383690  0.0235180 
22.8855530  4.3318450  0.0515900 
23.0543508  4.3361960  0.0367380 
23.2231475  4.2713850  0.0896080 
23.3919572  4.2440960  0.0683680 
23.5607539  4.2272810  0.0213700 
23.7295517  4.2500410  0.0722820 
23.8983584  4.2532340  0.1341570 
24.0671581  4.2720480  0.0321980 
24.2359648  4.4515260  0.0884650 
24.4047625  4.3986420  0.0200640 
24.5735592  4.1999310  0.0791530 
24.7423679  4.2288180  0.0328540 
24.9111656  4.0828320  0.0250510 
25.0799634  3.9938390  0.0396750 
25.2487721  4.0718960  0.0175960 
25.4175698  4.1908390  0.0193240 
25.5863765  4.1995330  0.0496680 
25.7551732  5.0618710  0.0576230 
25.9239710  5.6640430  0.0313230 
26.0927796  4.3500560  0.0202990 
26.2615774  4.0930720  0.0463980 
26.4303751  4.0745310  0.0304600 
26.5991838  4.1364240  0.0269340 
26.7679805  4.2019930  0.0587560 
26.9367882  4.2120400  0.0411170 
27.1055849  4.1292790  0.0309180 
27.2743847  4.1257270  0.0388760 
27.4431914  4.2113980  0.1612840 
27.6119891  4.2585220  0.0473480 
27.7807858  4.2714200  0.0383080 
27.9495945  4.1878520  0.0213290 
28.1183922  4.2151530  0.0399080 
28.2871989  4.1981170  0.1003960 
28.4559987  4.2506110  0.0218180 
28.6247964  4.2443790  0.0464960 
28.7936031  4.2065960  0.0195970 
28.9623998  4.1661170  0.0400760 
29.1311975  4.1343900  0.0345350 
29.3000062  4.1906020  0.0235680 
29.4688040  4.2264100  0.1478410 
29.6376107  4.2588400  0.0481170 
29.8064104  4.2779050  0.0640990 
29.9752071  4.2341820  0.0470330 
30.1440148  4.1946450  0.0525800 
30.3128115  4.2137630  0.0397230 
30.4816113  4.2735200  0.0589010 
30.6504180  4.3114850  0.0500820 
30.8192157  4.2952410  0.0626740 
30.9880244  4.2770200  0.0367130 
31.1568211  4.3044890  0.0606250 
31.3256188  4.3252410  0.0451520 
31.4944255  4.3640410  0.0362530 
31.6632253  4.3451320  0.1220750 
31.8320230  4.3605570  0.0547880 
32.0008297  4.3274210  0.0632860 
32.1696264  4.3325950  0.0598920 
32.3384361  4.4427760  0.0458430 
32.5072328  4.5529500  0.0857990 
32.6760306  4.6370600  0.0386310 
32.8448393  4.7263730  0.0370190 
33.0136370  4.6522580  0.0480850 
33.1824337  4.7389820  0.0540970 
33.3512424  5.0058630  0.0875940 
33.5200401  4.8210870  0.0453460 
33.6888448  4.7457060  0.2243760 
33.8576426  4.7463640  0.1173150 
34.0264443  4.7407470  0.0464050 
34.1952490  4.9234690  0.0990450 
34.3640467  4.7920810  0.3526310 
34.5328434  5.0348130  0.0979940 
34.7016521  6.1472520  0.0762070 
34.8704499  6.0592590  0.0546980 
35.0392586  4.7753700  0.0729970 
35.2080563  4.3854640  0.0928130 
35.3768530  4.7462440  0.0774680 
35.5456627  4.7649950  0.1168080 
35.7144594  4.5878380  0.1259950 
35.8832572  4.8834900  0.1117910 
36.0520659  4.7284000  0.1602150 
36.2208636  4.5654760  0.0917350 
36.3896723  4.3950350  0.2660130 
36.5584700  4.5063730  0.1555540 
36.7272667  4.4326920  0.0705520 
36.8960714  4.4036660  0.1118970 
37.0648692  4.6495680  0.2666220 
37.2336709  4.3042020  0.1902160 
