9.8926055  0.7257150  0.0091370 
9.9005988  0.7312920  0.0112430 
9.9085911  0.7430000  0.0119970 
9.9165833  0.7259330  0.0151380 
9.9245726  0.7359700  0.0103520 
9.9325610  0.7234530  0.0172200 
9.9405493  0.7192540  0.0153470 
9.9485346  0.7375180  0.0104800 
9.9565200  0.7278750  0.0117670 
9.9645033  0.7335150  0.0143490 
9.9724847  0.7308190  0.0162170 
9.9804661  0.7216100  0.1150460 
9.9884456  0.7395160  0.0111370 
9.9964240  0.7480690  0.0132590 
10.0044449  0.7439240  0.0113610 
10.0124214  0.7417570  0.0122450 
10.0203959  0.7243340  0.0077310 
10.0283684  0.7442160  0.0080690 
10.0363399  0.7381580  0.0063660 
10.0443104  0.7280110  0.0053800 
10.0522789  0.7431370  0.0101110 
10.0602475  0.7407680  0.0053080 
10.0682141  0.7370620  0.0094690 
10.0761786  0.7268020  0.1836360 
10.0841422  0.7469740  0.0065900 
10.0921048  0.7535350  0.0122000 
10.1000665  0.7396000  0.0099920 
10.1080251  0.7624290  0.0072320 
10.1159838  0.7393690  0.0091860 
10.1239414  0.7542470  0.0127350 
10.1318971  0.7485380  0.0105950 
10.1398508  0.7476230  0.0087050 
10.1478046  0.7670640  0.0113870 
10.1557573  0.7431850  0.0106060 
10.1637070  0.7601860  0.0080260 
10.1716568  0.7559830  0.0052420 
10.1796046  0.7611260  0.0097360 
10.1875514  0.7598280  0.0047980 
10.1954972  0.7604360  0.0089800 
10.2034410  0.7732610  0.0061940 
10.2113838  0.7663950  0.0063050 
10.2193257  0.7655010  0.0075240 
10.2272655  0.7807130  0.0129200 
10.2352044  0.7685600  0.0075200 
10.2431898  0.7721240  0.0072920 
10.2511267  0.7751610  0.0137040 
10.2590616  0.7676610  0.0093600 
10.2669945  0.7810030  0.0104360 
10.2749275  0.7663030  0.0067470 
10.2828594  0.7747270  0.0121820 
10.2907884  0.7810140  0.0085190 
10.2987184  0.7737910  0.0038870 
10.3066444  0.7750140  0.0048290 
10.3145715  0.7846460  0.0034000 
10.3224955  0.7819900  0.0076310 
10.3304186  0.7706180  0.0045700 
10.3383406  0.7958690  0.0054680 
10.3462617  0.7651340  0.0042640 
10.3541818  0.7822410  0.0097210 
10.3620999  0.7829940  0.0074870 
10.3700161  0.7892110  0.0054510 
10.3779312  0.7838330  0.0071340 
10.3904195  0.7952580  0.2063250 
10.3988310  0.7768700  0.0120420 
10.4072425  0.7957050  0.0116250 
10.4156500  0.7948030  0.0150730 
10.4240576  0.8053330  0.1997850 
10.4324632  0.7833170  0.0136400 
10.4408668  0.7938020  0.0124810 
10.4492704  0.8102520  0.0623230 
10.4576720  0.7972500  0.0153120 
10.4660727  0.8060590  0.0091060 
10.4744703  0.8042320  0.0129950 
10.4828680  0.8065210  0.0170640 
10.4912627  0.8245740  0.0112760 
10.4996574  0.8621970  0.0118290 
10.5080511  0.9495600  0.0214450 
10.5164419  0.9371910  0.0184680 
10.5248326  0.8736040  0.0138940 
10.5332214  0.8198150  0.0103270 
10.5416092  0.8111570  0.0108840 
10.5499950  0.8167560  0.0052960 
10.5583798  0.7963290  0.0061720 
10.5667626  0.8160800  0.0146710 
10.5751445  0.8063550  0.0081830 
10.5835254  0.8110090  0.0072310 
10.5919042  0.8155490  0.0076630 
10.6002812  0.8136470  0.0090590 
10.6086590  0.8232000  0.0113730 
10.6170340  0.8142110  0.0069510 
10.6254069  0.8220120  0.0077620 
10.6337789  0.8195520  0.0099910 
10.6421499  0.8150330  0.0064720 
10.6505189  0.8222140  0.0055840 
10.6588869  0.8377820  0.0134580 
10.6672529  0.8304700  0.0119600 
10.6756189  0.8201610  0.0052340 
10.6839820  0.8349930  0.0102980 
10.6923461  0.8163660  0.0068900 
10.7007062  0.8397190  0.0071670 
10.7090663  0.8231550  0.0102490 
10.7174254  0.8319890  0.0067700 
10.7257815  0.8409920  0.0081560 
10.7341367  0.8393760  0.0073960 
10.7424908  0.8362340  0.0197610 
10.7508440  0.8296620  0.0045440 
10.7591942  0.8677850  0.4945330 
10.7675444  0.8269150  0.0077360 
10.7758927  0.8438190  0.3880040 
10.7842399  0.8354650  0.0353250 
10.7925871  0.8476430  0.0090020 
10.8009304  0.8380210  0.0350440 
10.8092737  0.8438890  0.0075360 
10.8176150  0.8416230  0.0101600 
10.8259563  0.8375370  0.0059200 
10.8342947  0.8444050  0.0067640 
10.8426320  0.8558140  0.0060230 
10.8509684  0.8497440  0.0065830 
10.8593038  0.8400160  0.0348550 
10.8676372  0.8542030  0.0075640 
10.8760368  0.8386860  0.0162580 
10.8804102  0.8473670  0.0110140 
10.8892943  0.8506570  0.0067300 
10.8981775  0.8415860  0.0059900 
10.9070587  0.8453660  0.0065800 
10.9159389  0.8437960  0.0074360 
10.9248201  0.8604820  0.0062990 
10.9336973  0.8631120  0.0086600 
10.9425725  0.8454240  0.0123500 
10.9514468  0.8349380  0.0079000 
10.9603191  0.8632090  0.0057600 
10.9691904  0.8563150  0.0060520 
10.9780597  0.8528920  0.0107300 
10.9869280  0.8655620  0.0097070 
10.9957944  0.8540740  0.0072160 
11.0046597  0.8585960  0.0089820 
11.0135231  0.8660900  0.0068460 
11.0223855  0.8490790  0.0068490 
11.0312469  0.8624900  0.0098440 
11.0401054  0.8573070  0.0103790 
11.0489638  0.8783910  0.0085310 
11.0578203  0.8611460  0.0057110 
11.0666748  0.8625500  0.0106570 
11.0755273  0.8601920  0.0390070 
11.0843798  0.8682690  0.0097680 
11.0932303  0.8804900  0.0064910 
11.1020789  0.8662890  0.0071110 
11.1109264  0.8743590  0.0122110 
11.1197730  0.8621810  0.0084090 
11.1286186  0.8750860  0.0085390 
11.1374612  0.8643930  0.0064860 
11.1463028  0.8809930  0.0063830 
11.1551425  0.8829030  0.0044070 
11.1639802  0.8843220  0.0089130 
11.1728169  0.8728320  0.0077500 
11.1816526  0.8804990  0.0068660 
11.1904863  0.8834280  0.0068330 
11.1993190  0.8888410  0.0095550 
11.2081498  0.8905670  0.0132700 
11.2169805  0.8975760  0.0088250 
11.2258083  0.8967860  0.0088460 
11.2346341  0.9006330  0.0061590 
11.2434599  0.8984950  0.0356810 
11.2522828  0.9011850  0.0045930 
11.2611056  0.9124230  0.0097350 
11.2699265  0.9049760  0.0093110 
11.2787454  0.8890020  0.0068890 
11.2875633  0.8985630  0.0066240 
11.2963792  0.9041950  0.0092520 
11.3051951  0.9196480  0.0053180 
11.3140081  0.9103670  0.0056010 
11.3228191  0.8950170  0.0078750 
11.3316301  0.9012170  0.0135990 
11.3404391  0.9050160  0.0070450 
11.3492471  0.9041450  0.0051670 
11.3580521  0.9117160  0.0060460 
11.3668582  0.9000830  0.0059260 
11.3756602  0.9120180  0.0086980 
11.3844623  0.9103880  0.0104770 
11.3932624  0.9116930  0.0064770 
11.4020605  0.8980620  0.0064290 
11.4108587  0.9058690  0.0074160 
11.4196538  0.8918530  0.0070520 
11.4284490  0.9072880  0.0100710 
11.4372412  0.9033510  0.0083670 
11.4460334  0.9122050  0.0067210 
11.4548226  0.8952760  0.0159720 
11.4636108  0.9062730  0.0068800 
11.4723981  0.9021540  0.0066540 
11.4811834  0.8961510  0.0073120 
11.4899676  0.9011920  0.0071680 
11.4987509  0.8959900  0.0053470 
11.5075323  0.9003280  0.0059950 
11.5163106  0.9178370  0.0056250 
11.5250899  0.9001230  0.0077830 
11.5338673  0.9328770  0.0175880 
11.5426427  0.9095660  0.0054730 
11.5514161  0.9277260  0.4764170 
11.5601895  0.9187220  0.0109770 
11.5772024  0.9333840  0.0124170 
11.5865888  0.9061730  0.0083410 
11.5959753  0.9140400  0.0154350 
11.6053588  0.9153780  0.0149020 
11.6147403  0.8892000  0.1554670 
11.6241208  0.9228140  0.0126660 
11.6335003  0.9194720  0.0158140 
11.6428778  0.9225190  0.0131580 
11.6522544  0.9115390  0.0098770 
11.6616280  0.9111030  0.0113260 
11.6710016  0.9109100  0.3022530 
11.6803722  0.9168670  0.0114820 
11.6897438  0.9054390  0.0083380 
11.6991145  0.9124660  0.0092940 
11.7084811  0.9101390  0.0094670 
11.7178458  0.9263170  0.0082910 
11.7272076  0.9216220  0.0084220 
11.7365703  0.9234630  0.0075400 
11.7459310  0.9114760  0.0071540 
11.7552888  0.9149910  0.0080640 
11.7646456  0.9134730  0.0051780 
11.7740024  0.9177910  0.0057900 
11.7833542  0.9025220  0.0384240 
11.7927070  0.9162580  0.1281740 
11.8020569  0.9167600  0.0120460 
11.8114067  0.9010070  0.0084600 
11.8207546  0.9075670  0.0086340 
11.8300995  0.9183950  0.0085970 
11.8394445  0.9070200  0.2285050 
11.8487874  0.9172610  0.0075150 
11.8581284  0.9110930  0.0069840 
11.8674674  0.9303020  0.0055790 
11.8768063  0.9312450  0.0071100 
11.8861414  0.9190440  0.0103500 
11.8954774  0.9173270  0.0107260 
11.9048104  0.9227420  0.0117610 
11.9141425  0.9297110  0.0087750 
11.9234726  0.9201540  0.0088620 
11.9328017  0.9342410  0.0082290 
11.9421278  0.9257790  0.0080480 
11.9514540  0.9391820  0.0077900 
11.9607781  0.9264210  0.0069700 
11.9701003  0.9154420  0.0090310 
11.9794205  0.9222780  0.0120910 
11.9887407  0.9220840  0.0116310 
11.9980569  0.9259090  0.0093810 
12.0073742  0.9267000  0.0118820 
12.0166884  0.9409000  0.0101720 
12.0260017  0.9449760  0.3935420 
12.0353140  0.9381500  0.0063220 
12.0446233  0.9402340  0.0088530 
12.0539307  0.9324160  0.0116050 
12.0632380  0.9344340  0.0126520 
12.0725434  0.9359910  0.0114160 
12.0818478  0.9370500  0.0115970 
12.0911492  0.9332520  0.1988850 
12.1004496  0.9212930  0.0100160 
12.1097480  0.9290420  0.0115010 
12.1190455  0.9271700  0.0088200 
12.1283420  0.9387100  0.0065700 
12.1376355  0.9335180  0.0139760 
12.1469300  0.9360130  0.0127340 
12.1562205  0.9391500  0.0120570 
12.1655100  0.9404550  0.4190990 
12.1747986  0.9439760  0.0102500 
12.1840842  0.9512980  0.4195800 
12.1933708  0.9311490  0.0101190 
12.2026534  0.9335980  0.0151430 
12.2119360  0.9512800  0.0130580 
12.2212157  0.9490040  0.0131970 
12.2304954  0.9411320  0.0143230 
12.2397730  0.9557190  0.0104520 
12.2490477  0.9507450  0.0091740 
12.2583225  0.9468290  0.0114820 
12.2695609  0.9545880  0.0163080 
12.2795317  0.9279650  0.0183480 
12.2895005  0.9438340  0.0134850 
12.2994644  0.9290050  0.1878080 
12.3094263  0.9611660  0.0133050 
12.3193833  0.9399340  0.0131250 
12.3293423  0.9450320  0.0129850 
12.3392982  0.9593390  0.0166290 
12.3492532  0.9377560  0.0150440 
12.3592053  0.9493020  0.0097770 
12.3691553  0.9480020  0.0116250 
12.3791054  0.9414340  0.1406580 
12.3890534  0.9561160  0.0113570 
12.3989985  0.9477970  0.0112910 
12.4089436  0.9483850  0.1320240 
12.4188858  0.9527710  0.0098320 
12.4288269  0.9553430  0.0124340 
12.4387651  0.9422430  0.0092860 
12.4487023  0.9466860  0.0120280 
12.4586375  0.9497050  0.0125990 
12.4685728  0.9517630  0.0121930 
12.4785050  0.9199540  0.2143910 
12.4884353  0.9315950  0.0151780 
12.4983656  0.9416970  0.0161120 
12.5082968  0.9358390  0.0084600 
12.5182271  0.9461690  0.0065770 
12.5281504  0.9366840  0.0089700 
12.5380738  0.9364040  0.0074180 
12.5479932  0.9445740  0.0056920 
12.5579116  0.9482910  0.0050370 
12.5678300  0.9452830  0.0047880 
12.5777445  0.9426610  0.0048550 
12.5876589  0.9407200  0.3163890 
12.5975714  0.9451800  0.2676230 
12.6074819  0.9409400  0.0046960 
12.6173904  0.9443060  0.0043870 
12.6272970  0.9358930  0.0050440 
12.6372025  0.9573540  0.0048770 
12.6471071  0.9435710  0.1226240 
12.6570087  0.9405630  0.0063330 
12.6669083  0.9441750  0.0064330 
12.6768079  0.9451010  0.0055500 
12.6867046  0.9345230  0.0088830 
12.6966002  0.9485960  0.0072090 
12.7064939  0.9396610  0.0064920 
12.7163866  0.9498620  0.0052620 
12.7262774  0.9494510  0.0088430 
12.7361651  0.9490710  0.0097620 
12.7460529  0.9377200  0.0086950 
12.7559386  0.9462110  0.0072450 
12.7658215  0.9430490  0.0047520 
12.7757043  0.9464470  0.0047680 
12.7855841  0.9538460  0.0052710 
12.7954630  0.9760810  0.2804660 
12.8053408  1.0733100  0.0044620 
12.8152157  1.0917580  0.0052700 
12.8250887  1.0881610  0.0081330 
12.8349616  0.9655860  0.0061560 
12.8448325  0.9601180  0.0049940 
12.8547015  0.9342000  0.0040730 
12.8645675  0.9510420  0.0042340 
12.8744325  0.9499330  0.0042720 
12.8842975  0.9396470  0.0060260 
12.8941596  0.9478050  0.0062820 
12.9040207  0.9456120  0.0047750 
12.9138787  0.9487660  0.0039400 
12.9237368  0.9382180  0.0052530 
12.9335920  0.9462650  0.0044310 
12.9434461  0.9282990  0.0041410 
12.9532983  0.9501270  0.0058760 
12.9631494  0.9305620  0.0064340 
12.9729976  0.9541650  0.0050610 
12.9828449  0.9362420  0.0078230 
12.9926911  0.9605200  0.0316140 
13.0025353  0.9551860  0.0081010 
13.0123776  0.9504620  0.0047660 
13.0222179  0.9369100  0.3250270 
13.0320572  0.9362560  0.0065180 
13.0418945  0.9619820  0.0063310 
13.0517299  0.9413070  0.0069600 
13.0521353  0.9420280  0.0092010 
13.0627547  0.9777950  0.0061550 
13.0733752  0.9759320  0.0070700 
13.0839917  0.9844690  0.0085190 
13.0946072  0.9629640  0.0088100 
13.1052187  0.9551180  0.0084520 
13.1158312  0.9753400  0.0066540 
13.1264408  0.9683720  0.0089840 
13.1370494  0.9847180  0.0112340 
13.1476550  0.9601260  0.0070650 
13.1582596  0.9661710  0.0069970 
13.1688622  0.9772840  0.0070090 
13.1794619  0.9846080  0.0079430 
13.1900695  0.9668900  0.0066920 
13.2006741  0.9662150  0.0083310 
13.2112688  0.9657670  0.0084880 
13.2218626  0.9700290  0.0077070 
13.2324544  0.9600150  0.0097980 
13.2430432  0.9731530  0.0113850 
13.2536320  0.9727650  0.0090170 
13.2642188  0.9629690  0.3937890 
13.2748026  0.9870140  0.0064070 
13.2853845  0.9754030  0.0083250 
13.2959654  0.9794590  0.0095920 
13.3063594  0.9662570  0.0116530 
13.3169363  0.9820110  0.0076570 
13.3275123  0.9769400  0.0109890 
13.3380853  0.9910350  0.0105020 
13.3486572  0.9663130  0.0096820 
13.3592273  0.9673760  0.0087640 
13.3697943  0.9762340  0.0086230 
13.3803604  0.9828630  0.0107970 
13.3909244  0.9802530  0.0099330 
13.4014875  0.9639180  0.0115020 
13.4120486  0.9742620  0.0089950 
13.4226078  0.9883930  0.0120450 
13.4331649  0.9836720  0.0106480 
13.4437211  0.9802400  0.0105510 
13.4542743  0.9682470  0.0105470 
13.4648265  0.9750760  0.0121860 
13.4753758  0.9848830  0.0100880 
13.4859240  0.9890350  0.0089390 
13.4962815  0.9785870  0.0095910 
13.5068258  0.9734730  0.0094540 
13.5173691  0.9936230  0.3895670 
13.5279104  1.0031900  0.0080740 
13.5384498  1.0138110  0.0084240 
13.5489862  0.9963290  0.0067940 
13.5595235  0.9991000  0.0104690 
13.5700560  0.9854790  0.0076210 
13.5805884  1.0184820  0.0084440 
13.5911179  1.0052150  0.0077440 
13.6016474  0.9943510  0.0087950 
13.6121749  0.9844890  0.0111860 
13.6226994  1.0120450  0.0082060 
13.6332229  0.9991140  0.0098560 
13.6437435  1.0144160  0.0117940 
13.6542631  1.0027740  0.0114920 
13.6647817  1.0002460  0.0108310 
13.6752983  1.0111510  0.0062810 
13.6858129  1.0222960  0.0102270 
13.6963256  1.0007560  0.0091040 
13.7068353  1.0425930  0.4024920 
13.7173450  1.0075540  0.0118270 
13.7278527  1.0069490  0.0069000 
13.7383585  1.0327270  0.0096770 
13.7488622  1.0093010  0.0095720 
13.7593650  1.0123280  0.0108300 
13.7698638  1.0135570  0.0111300 
13.7803626  1.0312920  0.0081750 
13.7908605  1.0133360  0.0112660 
13.8013553  1.0195250  0.0080010 
13.8118482  1.0186690  0.0105220 
13.8223401  1.0069110  0.0106240 
13.8328300  1.0315130  0.0087290 
13.8433170  1.0224330  0.0089160 
13.8538030  1.0295640  0.0085150 
13.8642889  1.0282270  0.0108360 
13.8747709  1.0237610  0.0093080 
13.8852529  1.0208110  0.0077830 
13.8957320  1.0253690  0.0101020 
13.9062100  1.0442140  0.0082940 
13.9166851  1.0100700  0.0205000 
13.9271592  1.0219540  0.0099430 
13.9376314  1.0288030  0.0090110 
13.9481025  1.0351340  0.0096350 
13.9585707  1.0423210  0.0090710 
13.9690378  1.0084600  0.0098620 
13.9795030  1.0342630  0.0113160 
13.9899672  1.0353820  0.0097830 
14.0004295  1.0083810  0.0134860 
14.0108888  1.0413600  0.0111630 
14.0213480  1.0427320  0.0092660 
14.0318053  0.9962130  0.0084930 
14.0455592  1.0524420  0.0124520 
14.0569074  1.0431240  0.0138270 
14.0682536  1.0433290  0.0146530 
14.0795978  1.0405490  0.0101900 
14.0909390  1.0415730  0.0135630 
14.1022793  1.0353020  0.0097590 
14.1136186  1.0521620  0.0135440 
14.1249697  1.0863550  0.4572540 
14.1363169  1.0582750  0.0113050 
14.1476493  1.0523700  0.0108060 
14.1589806  1.0566900  0.0086150 
14.1703091  1.0509470  0.0102070 
14.1816365  1.0577620  0.0075620 
14.1929609  1.0703060  0.0080210 
14.2042844  1.0501810  0.0111730 
14.2156049  1.0652710  0.0993190 
14.2269244  1.0452770  0.0111770 
14.2382409  1.0705540  0.0085100 
14.2495565  1.0586070  0.0064630 
14.2608700  1.0631300  0.0097800 
14.2721816  1.0821240  0.0080000 
14.2834912  1.0838670  0.0115840 
14.2947989  1.1296330  0.0098950 
14.3061045  1.2066320  0.0093510 
14.3174092  1.2834050  0.0133930 
14.3284716  1.2607460  0.0093980 
14.3397714  1.1476630  0.0103810 
14.3510701  1.1079650  0.0117640 
14.3623659  1.0504240  0.0122950 
14.3736597  1.0788340  0.0136750 
14.3849515  1.0586590  0.0110630 
14.3962423  1.0685090  0.3736280 
14.4075302  1.0740070  0.0143980 
14.4188170  1.0805860  0.4492020 
14.4301010  1.0812180  0.3713700 
14.4411426  1.0703640  0.0123300 
14.4524236  1.0913030  0.0112250 
14.4637015  1.0711730  0.2647450 
14.4749785  1.0619750  0.0112120 
14.4862525  1.0849270  0.0102610 
14.4975256  1.0790920  0.0130640 
14.5087956  1.0840770  0.0090240 
14.5200657  1.0872240  0.0122180 
14.5313328  1.0833400  0.0105520 
14.5425979  1.0941650  0.0098170 
14.5538611  1.1012090  0.0123390 
14.5651222  1.0963040  0.0104980 
14.5763824  1.0996050  0.0112110 
14.5876396  1.0942510  0.0103820 
14.5988948  1.1071150  0.0112680 
14.6101501  1.1010300  0.0119790 
14.6214014  1.1101160  0.0103700 
14.6326517  1.1070090  0.0096280 
14.6438990  1.1056540  0.0101660 
14.6551453  1.1124730  0.0078330 
14.6663907  1.1105120  0.0104510 
14.6776330  1.0897620  0.0099420 
14.6888734  1.1105590  0.0085250 
14.7001119  1.1151740  0.0093340 
14.7113493  1.0990030  0.0100860 
14.7225838  1.1249350  0.0090910 
14.7338182  1.1017810  0.0067690 
14.7450497  1.1038120  0.0077770 
14.7562783  1.1100620  0.0107030 
14.7675058  1.1202480  0.0076490 
14.7787314  1.1169480  0.0078360 
14.7899560  1.1141680  0.0100810 
14.8011766  1.1179350  0.0069180 
14.8123972  1.1211220  0.0126060 
14.8236159  1.1210220  0.0093830 
14.8348316  1.1328910  0.0078590 
14.8460462  1.1155960  0.0126690 
14.8572590  1.1045210  0.0110520 
14.8684687  1.1078030  0.0145950 
14.8796785  1.1050640  0.0121150 
14.8908852  1.1300820  0.0095560 
14.9020910  1.1125000  0.0160740 
14.9132939  1.1165440  0.0138640 
14.9244957  1.1225280  0.0152730 
14.9356956  1.1337290  0.0112080 
14.9468925  1.1419690  0.0130360 
14.9580894  1.1041210  0.0136670 
14.9692823  1.1364050  0.0144970 
14.9804752  1.1279800  0.0124870 
14.9916652  1.1143960  0.0126740 
15.0025971  1.1274720  0.0097280 
15.0137831  1.1385230  0.0175080 
15.0249682  1.0997150  0.0103640 
15.0412404  1.1510910  0.0136930 
15.0531552  1.1283370  0.0140560 
15.0653636  1.1379140  0.0144710 
15.0775691  1.1445750  0.0163850 
15.0897715  1.1189180  0.0180800 
15.1019730  1.1437940  0.0223990 
15.1142160  1.1153860  0.0148270 
15.1264126  1.1455040  0.0170160 
15.1383125  1.1495730  0.0132780 
15.1505041  1.1682610  0.0286650 
15.1626947  1.1498380  0.0139190 
15.1748834  1.1286550  0.0161290 
15.1870700  1.1847290  0.0156060 
15.1992547  1.1521610  0.0125930 
15.2114364  1.1624830  0.0140930 
15.2236162  1.1615330  0.0141530 
15.2357949  1.1257950  0.0139630 
15.2479707  1.1830040  0.0143870 
15.2601445  1.1499970  0.0121590 
15.2723163  1.1716370  0.0121290 
15.2844872  1.1719140  0.0110460 
15.2966550  1.1601680  0.0082690 
15.3088200  1.1897620  0.0127210 
15.3209839  1.1657730  0.0086280 
15.3331458  1.1836950  0.0102780 
15.3453048  1.1774100  0.0095540 
15.3574628  1.1464720  0.0080650 
15.3696178  1.1884840  0.0105960 
15.3817708  1.2007470  0.0099030 
15.3939219  1.1892530  0.0085400 
15.4060720  1.1886600  0.0075750 
15.4182191  1.1698110  0.0109840 
15.4303642  1.1810180  0.0104540 
15.4422028  1.1705180  0.0114620 
15.4543440  1.1966300  0.0113000 
15.4664832  1.2169260  0.0125030 
15.4786194  1.1869120  0.0165690 
15.4907537  1.2038220  0.0147850 
15.5029334  1.1840530  0.0161620 
15.5150647  1.2109480  0.0157230 
15.5271930  1.2567750  0.0142070 
15.5393194  1.3752230  0.0205880 
15.5514447  1.5479500  0.0217400 
15.5635661  1.5479330  0.0213340 
15.5753780  1.3516240  0.0146520 
15.5874955  1.2489620  0.0132990 
15.5996119  1.2202040  0.0135540 
15.6117264  1.2168440  0.0122860 
15.6238379  1.2017190  0.0135970 
15.6359485  1.1897750  0.0112690 
15.6480560  1.2314910  0.0119280 
15.6601626  1.2053320  0.0122430 
15.6722662  1.2218070  0.0100510 
15.6843678  1.2201560  0.0137370 
15.6964685  1.2027980  0.0095900 
15.7085671  1.2068720  0.0088310 
15.7206608  1.2336690  0.0127950 
15.7327555  1.2197370  0.0089630 
15.7448463  1.2391110  0.0136290 
15.7569370  1.2216700  0.0132700 
15.7690238  1.2287550  0.0106570 
15.7811106  1.2126340  0.0122870 
15.7931944  1.2225280  0.0131270 
15.8052763  1.2533860  0.0149470 
15.8173552  1.2352150  0.0134910 
15.8294331  1.2275750  0.0144660 
15.8415100  1.2641150  0.0130780 
15.8535819  1.2169920  0.0145650 
15.8656539  1.2303840  0.0137540 
15.8777239  1.2542950  0.0117460 
15.8897909  1.2298030  0.0092600 
15.9018569  1.2317440  0.0104260 
15.9136026  1.2401130  0.0117870 
15.9256142  1.2287970  0.1028320 
15.9376724  1.3153300  0.0111210 
15.9497295  1.2633630  0.0143750 
15.9617847  1.2562250  0.0125240 
15.9738378  1.2528370  0.0133280 
15.9858880  1.2335680  0.0132320 
15.9979382  1.2642110  0.0156760 
16.0099855  1.2501980  0.0160850 
16.0217084  1.2516810  0.0165840 
16.0337517  1.2514470  0.0131270 
16.0457940  1.2496120  0.0127800 
16.0578314  1.2279160  0.0132390 
16.0698697  1.2659040  0.0146600 
16.0819041  1.2409710  0.0167260 
16.0939355  1.2724910  0.0142570 
16.1059679  1.2623560  0.0146490 
16.1179964  1.2631390  0.0190670 
16.1300238  1.3106540  0.0188170 
16.1420503  1.2467520  0.0134180 
16.1540709  1.3021830  0.0214530 
16.1660924  1.2920710  0.0155840 
16.1781129  1.2232070  0.0132810 
16.1901305  1.2972420  0.0213670 
16.2021432  1.2742600  0.0143860 
16.2141568  1.2886680  0.0130060 
16.2261684  1.2513040  0.0260580 
16.2381781  1.3419620  0.5127630 
16.2501858  1.2765940  0.0152230 
16.2621915  1.2962310  0.0140870 
16.2741943  1.2576170  0.4291090 
16.2861960  1.2828050  0.0131940 
16.2981948  1.2428530  0.0179030 
16.3101669  1.2690140  0.0202780 
16.3150791  1.2597120  0.0857910 
16.3282674  1.3091840  0.0196440 
16.3414557  1.2942250  0.0220770 
16.3542633  1.2900470  0.0155050 
16.3674467  1.2753080  0.2277790 
16.3806251  1.2860560  0.0182510 
16.3938045  1.2708240  0.0175000 
16.4069789  1.3003430  0.0167410 
16.4201524  1.3000000  0.0177200 
16.4333239  1.2948040  0.0137600 
16.4464934  1.2842590  0.0142330 
16.4596589  1.2757630  0.0170570 
16.4728254  1.2878450  0.0209910 
16.4859890  1.3271940  0.0222160 
16.4991832  1.2850860  0.0157280 
16.5123428  1.3215840  0.0162940 
16.5255331  1.3045190  0.0116870 
16.5386858  1.3317160  0.0132090 
16.5518385  1.3216020  0.0146700 
16.5649892  1.2897930  0.0156110 
16.5781360  1.3365160  0.0163420 
16.5912808  1.3309950  0.0203630 
16.6044226  1.2846180  0.0165390 
16.6171768  1.3079410  0.0191810 
16.6303147  1.3088870  0.4224920 
16.6434496  1.3184490  0.0179500 
16.6565835  1.3339150  0.0222150 
16.6697154  1.2909940  0.0179490 
16.6824548  1.3391860  0.0169630 
16.6955808  1.3090360  0.0137070 
16.7087068  1.3319620  0.0129000 
16.7218278  1.3077800  0.0141210 
16.7349479  1.3456360  0.0145050 
16.7480650  1.3223440  0.0171260 
16.7611811  1.3411850  0.0188840 
16.7742923  1.3048490  0.0118210 
16.7874034  1.3489220  0.0114320 
16.8005126  1.3510920  0.0133320 
16.8136198  1.3057950  0.0119520 
16.8267251  1.3357260  0.0126440 
16.8398273  1.3117450  0.0104870 
16.8529266  1.3371340  0.0088270 
16.8660249  1.3462940  0.0093860 
16.8791203  1.3482110  0.0103780 
16.8922127  1.3499270  0.0131660 
16.9053050  1.3449130  0.0908700 
16.9183954  1.3482660  0.0134320 
16.9314819  1.3299230  0.0146410 
16.9445663  1.3336360  0.0126830 
16.9576488  1.3496780  0.0155620 
16.9703319  1.3131470  0.1002270 
16.9834094  1.3458100  0.0189400 
16.9964860  1.3442530  0.0153340 
17.0095596  1.3421480  0.0198780 
17.0226312  1.3513810  0.0235690 
17.0353013  1.3453310  0.0196120 
17.0483670  1.3875600  0.0166500 
17.0614307  1.3424300  0.0170860 
17.0744925  1.3461570  0.0188340 
17.0875542  1.3220720  0.0183390 
17.1006129  1.3296150  0.0150390 
17.1136678  1.3456300  0.0165550 
17.1267216  1.3481660  0.0114700 
17.1397724  1.3564640  0.0154080 
17.1528233  1.3493220  0.0099880 
17.1658702  1.3041530  0.0126140 
17.1789171  1.3700990  0.0082010 
17.1919580  1.3417000  0.0092030 
17.2050000  1.3489190  0.0116610 
17.2180390  1.3388410  0.0088380 
17.2310750  1.3591090  0.0093910 
17.2441100  1.3594130  0.0119710 
17.2571421  1.3384870  0.0144450 
17.2701722  1.3731500  0.4634910 
17.2831983  1.3589700  0.0196140 
17.2962264  1.3712610  0.0174950 
17.3092505  1.3763540  0.4041380 
17.3218624  1.3914980  0.0166980 
17.3348806  1.3378680  0.0208200 
17.3478978  1.3650280  0.0180420 
17.3609121  1.3199510  0.0211610 
17.3735140  1.3447100  0.0136170 
17.3869367  1.3658510  0.0246790 
17.3999460  1.3589770  0.0241230 
17.4124985  1.3586570  0.0194620 
17.4254999  1.3681240  0.0253350 
17.4384598  1.4185750  0.0277100 
17.4514602  1.3724150  0.0245580 
17.4644557  1.3069220  0.0135050 
17.4774502  1.3845050  0.0222980 
17.4904447  1.3861360  0.0215630 
17.5034342  1.3385690  0.0102780 
17.5164248  1.3523970  0.0153970 
17.5294113  1.3988750  0.0093550 
17.5423940  1.3388340  0.0109110 
17.5553776  1.2995860  0.0117700 
17.5683582  1.4121080  0.0092250 
17.5813349  1.3681890  0.0205040 
17.5943126  1.3590670  0.0121830 
17.6072853  1.3190070  0.0087740 
17.6202571  1.3795170  0.0138510 
17.6332288  1.3348440  0.0128710 
17.6461966  1.3390670  0.0144650 
17.6591604  1.3628590  0.0243220 
17.6721243  1.3409440  0.0134490 
17.6850861  1.3425130  0.0123850 
17.6976238  1.3970380  0.0182200 
17.7115221  1.3854030  0.0166200 
17.7258811  1.3929140  0.0176820 
17.7402371  1.4185560  0.0205510 
17.7541066  1.3609180  0.0220370 
17.7684577  1.4070750  0.0268230 
17.7828068  1.3956070  0.0262490 
17.7971510  1.3617020  0.0239860 
17.8110087  1.3949570  0.0250880 
17.8253499  1.3615880  0.0177850 
17.8396881  1.3946020  0.0211500 
17.8540234  1.3853910  0.0179340 
17.8683567  1.3681450  0.0132210 
17.8826900  1.3872770  0.0107990 
17.8970174  1.3964840  0.0168050 
17.9113447  1.4369350  0.0218510 
17.9256661  1.3737610  0.0187380 
17.9399886  1.3863380  0.0150950 
17.9543080  1.3800850  0.0118820 
17.9686245  1.4021090  0.0146300 
17.9829390  1.3667600  0.0154150 
17.9973099  1.4137730  0.0159460 
18.0116204  1.3850940  0.0191550 
18.0253743  1.3911170  0.0209490 
18.0397956  1.4203060  0.0190670 
18.0540992  1.3975070  0.0196210 
18.0683979  1.4027610  0.0207980 
18.0826956  1.4104120  0.0244260 
18.0964949  1.3915480  0.0159210 
18.1107867  1.4017090  0.0172110 
18.1250745  1.4631360  0.4332400 
18.1393623  1.3865610  0.0129690 
18.1536481  1.4000070  0.0112020 
18.1679300  1.4357880  0.0107330 
18.1822109  1.4229250  0.0108630 
18.1964888  1.4121090  0.0115110 
18.2107638  1.3885550  0.0125900 
18.2250368  1.4013420  0.0181670 
18.2393097  1.3950540  0.0150880 
18.2535768  1.3993690  0.0159560 
18.2678438  1.3614910  0.0159180 
18.2821089  1.4194380  0.4428730 
18.2963690  1.4156520  0.0188070 
18.3101249  1.3962090  0.0198950 
18.3243800  1.3982400  0.0231000 
18.3386342  1.4081650  0.0225400 
18.3523812  1.3672770  0.0194500 
18.3666294  1.3941330  0.0175780 
18.3808757  1.4071340  0.0190710 
18.3951200  1.3763010  0.0198610 
18.4093613  1.4238680  0.0164470 
18.4235997  1.3938760  0.0220500 
18.4378391  1.3875670  0.0139100 
18.4520735  1.3990670  0.0150810 
18.4663049  1.4018980  0.4448130 
18.4805364  1.3574250  0.0098330 
18.4947639  1.4170890  0.0173370 
18.5089874  1.4089510  0.0142050 
18.5232110  1.3883400  0.0117320 
18.5374315  1.4107520  0.0151570 
18.5516511  1.4100100  0.0165480 
18.5658677  1.3880180  0.0136120 
18.5800804  1.3809010  0.0209040 
18.5937779  1.4015080  0.0204570 
18.6079866  1.3817790  0.0149900 
18.6221933  1.4008440  0.0231940 
18.6358810  1.3934420  0.0197420 
18.6500827  1.4014850  0.0189590 
18.6642816  1.3796000  0.0113240 
18.6784774  1.4340090  0.0166140 
18.6926742  1.4796360  0.0166120 
18.7068642  1.5379660  0.0086480 
18.7210541  1.5909990  0.0084750 
18.7352420  1.5044500  0.0145430 
18.7494260  1.3748970  0.0122200 
18.7636100  1.3853160  0.0131610 
18.7777910  1.4294990  0.0128140 
18.7919691  1.3722160  0.0152970 
18.8061442  1.3725270  0.0186640 
18.8203183  1.3751250  0.0157030 
18.8344894  1.3829140  0.0169390 
18.8486605  1.3671070  0.0201730 
18.8627595  1.4231570  0.6379340 
18.8763344  1.3690090  0.0203020 
18.8904946  1.3813780  0.0189530 
18.9046539  1.4038670  0.0139120 
18.9188122  1.3811300  0.0160250 
18.9329655  1.3701960  0.0240370 
18.9465918  1.4203050  0.0182990 
18.9607422  1.3788050  0.0201390 
18.9748886  1.3807120  0.0190310 
18.9890331  1.4281620  0.0207360 
19.0031755  1.4529760  0.0163500 
19.0173160  1.3857360  0.0167150 
19.0314555  1.4191550  0.0154850 
19.0455900  1.4360040  0.0149150 
19.0597236  1.3406360  0.0112210 
19.0738572  1.4838070  0.0145130 
19.0879858  1.3649410  0.0126730 
19.1021114  1.3886730  0.0103900 
19.1162381  1.3799640  0.0145000 
19.1303597  1.3816660  0.0227990 
19.1444795  1.4134450  0.0215260 
19.1585972  1.4084440  0.0147900 
19.1721780  1.3080720  0.0158320 
19.1862908  1.3856450  0.0246000 
19.2004016  1.4021890  0.0279980 
19.2145105  1.4081750  0.0281510 
19.2284769  1.3357510  0.0227550 
19.2843388  1.4539070  0.0082780 
19.2997192  1.4652350  0.0101730 
19.3150798  1.4703060  0.0083580 
19.3304237  1.4704320  0.0135780 
19.3457527  1.5161620  0.0063340 
19.3608552  1.4880420  0.0118900 
19.3761506  1.4470630  0.0088600 
19.3914301  1.4577870  0.0067450 
19.4066929  1.4511960  0.9804980 
19.4219408  1.4418950  0.0152730 
19.4371719  1.4581090  0.0165660 
19.4523852  1.4299180  0.0267250 
19.4675847  1.4502680  0.0347100 
19.4979104  1.3712970  0.0120080 
19.5128587  1.5474600  0.9354840 
19.5279929  1.4365680  0.0100520 
19.5431123  1.3972610  0.0114330 
19.5582148  1.4238850  0.1352740 
19.5733006  1.4662580  0.0692470 
19.5883715  1.3957480  0.0151460 
19.6034286  1.4190150  0.0169370 
19.6184669  1.4188660  0.0116730 
19.6334903  1.3788440  0.0259740 
19.6484990  1.4150680  0.0187680 
19.6634918  1.4494930  0.0119790 
19.6784480  1.3698040  0.2329300 
19.6934072  1.4261210  0.0092660 
19.7083545  1.4426860  0.0067720 
19.7232840  1.4309430  0.0106900 
19.7381997  1.3920390  0.0117390 
19.7531005  1.4128180  0.0119350 
19.7679846  1.4085290  0.0138600 
19.7842766  1.4469520  0.0109970 
19.8010146  1.4737510  0.0133450 
19.8177358  1.4298070  0.0243860 
19.8344333  1.4650700  0.0200140 
19.8511129  1.4801680  0.0164600 
19.8677748  1.4542820  0.0115840 
19.8844149  1.4497580  0.0421370 
19.9010372  1.4616010  0.0646390 
19.9176417  1.4616030  0.0670200 
19.9342264  1.4356840  0.0206350 
19.9507904  1.4368510  0.0191990 
19.9673376  1.4450550  0.7124920 
19.9838640  1.4264780  0.0168530 
20.0003736  1.4356500  0.0110580 
20.0168624  1.4302710  0.0086480 
20.0333364  1.4068690  0.0096980 
20.0497876  1.4271530  0.0125320 
20.0662211  1.4310520  0.0118130 
20.0826387  1.3917940  0.1891560 
20.0990346  1.4552080  0.9174010 
20.1154127  1.4328550  0.2213560 
20.1317749  1.4166640  0.0191840 
20.1481164  1.4459190  0.0085620 
20.1644391  1.4750410  0.0101240 
20.1807470  1.4543440  0.0094270 
20.1970361  1.4227160  0.2264610 
20.2133034  1.4661400  0.0158430 
20.2295569  1.4425980  0.0131670 
20.2457906  1.4590660  0.0125900 
20.2620085  1.4620450  0.0622330 
20.2782007  1.4313870  0.0073680 
20.2943781  1.4213110  0.0144570 
20.3105396  1.4347390  0.0098410 
20.3266863  1.4298200  0.0066050 
20.3428152  1.4419480  0.7815650 
20.3589244  1.4378120  0.0091020 
20.3750157  1.4301990  0.0151650 
20.3910912  1.4217090  0.0062030 
20.4071499  1.4457780  0.0060300 
20.4231899  1.4526800  0.0060980 
20.4392149  1.4109740  0.0097370 
20.4552212  1.4754810  0.5223110 
20.4712097  1.4521890  0.8039810 
20.4871834  1.4326480  0.0120910 
20.5031393  1.4303310  0.0647180 
20.5190793  1.4496880  0.0223280 
20.5349996  1.4377010  0.0108350 
20.5509060  1.4210110  0.0186920 
20.5667858  1.4069780  0.4950050 
20.5826556  1.4574530  0.0258580 
20.5985067  1.4256150  0.0145360 
20.6143449  1.4503900  0.1000240 
20.6301683  1.4595240  0.0329980 
20.6459729  1.4318640  0.0104490 
20.6616499  1.4318070  0.0107240 
20.6818170  1.4314390  0.5949340 
20.6996822  1.4115840  0.0623690 
20.7175246  1.4640510  0.0101790 
20.7353473  1.4648030  0.0528080 
20.7531463  1.4349950  0.0650410 
20.7709274  1.4689660  0.0093940 
20.7886848  1.4418490  0.0338470 
20.8064245  1.4366810  0.0551440 
20.8241394  1.5264630  0.0196770 
20.8418345  1.5003250  0.9235190 
20.8595099  1.4641870  0.7989080 
20.8771664  1.4496690  0.0142760 
20.8947993  1.5009410  0.0164640 
20.9124143  1.4786500  0.0135860 
20.9300066  1.4550260  0.3615950 
20.9475791  1.4656600  0.0262890 
20.9651338  1.4526500  0.0129490 
20.9826658  1.4596170  0.0114200 
21.0001760  1.4931470  0.0105690 
21.0176685  1.4578470  0.0079690 
21.0351401  1.4880740  0.0425610 
21.0525920  1.4772350  0.0352340 
21.0700261  1.4986210  0.0070890 
21.0874375  1.4495220  0.0081420 
21.1048290  1.4462910  0.0299650 
21.1222028  1.5003180  0.8610660 
21.1395568  1.4306560  0.0075120 
21.1568901  1.4477730  0.0088720 
21.1742055  1.4647540  0.0082850 
21.1914992  1.4493440  0.0213200 
21.2260312  1.4591650  0.0158290 
21.2432685  1.4567710  0.0614830 
21.2604851  1.4460520  0.0098360 
21.2776829  1.4385060  0.0196350 
21.2948638  1.4464120  0.0062000 
21.3120240  1.4319840  0.0124970 
21.3291654  1.4523840  0.0089490 
21.3462900  1.4240570  0.0166510 
21.3633919  1.4443270  0.0134210 
21.3804779  1.4455620  0.0123570 
21.3975462  1.3987830  0.1384570 
21.4145927  1.4328880  0.0064750 
21.4316234  1.4482430  0.0119170 
21.4486343  1.4311590  0.0064210 
21.4656264  1.3977370  0.0176770 
21.4826017  1.4497810  0.0274600 
21.4995562  1.4325660  0.0191410 
21.5164959  1.4403400  0.0178010 
21.5334148  1.4287440  0.0110050 
21.5503160  1.4290610  0.0071590 
21.5840619  1.4306650  0.0097000 
21.6009087  1.4613730  0.0055840 
21.6177366  1.4131430  0.0053270 
21.6345478  1.4087550  0.0165060 
21.6513402  1.4239510  0.2813510 
21.6681177  1.4259740  0.0085700 
21.6848745  1.4148060  0.0088590 
21.7016145  1.4426370  0.0069590 
21.7183367  1.3969520  0.3688470 
21.7350420  1.4261330  0.0088190 
21.7517296  1.3839490  0.2622790 
21.7684013  1.4249290  0.0408130 
21.7850533  1.4063490  0.0085190 
21.8016875  1.4267100  0.3012400 
21.8183068  1.4141710  0.0115210 
21.8349064  1.4280930  0.0236700 
21.8514882  1.4129840  0.0065520 
21.8700930  1.4451490  0.0146080 
21.8890033  1.4453700  0.0109460 
21.9078929  1.4588180  0.0140020 
21.9267597  1.4817720  0.0265030 
21.9456038  1.4629940  0.0330860 
21.9644251  1.4769600  0.0156160 
21.9832247  1.4634330  0.0347350 
22.0019986  1.4734630  0.0082410 
22.0207547  1.4746370  0.0175570 
22.0394860  1.4746710  0.0299360 
22.0581947  1.4542990  0.0216020 
22.0768825  1.4588550  0.0223640 
22.0955476  1.4738280  0.0549360 
22.1141940  1.4678410  0.0698680 
22.1328136  1.4730430  0.0098090 
22.1514145  1.4550670  0.0207030 
22.1699926  1.4790200  0.9262360 
22.1885489  1.4590850  0.1054700 
22.2070855  1.4770650  0.3354000 
22.2255983  1.4441880  0.0420940 
22.2440894  1.4753480  0.0115120 
22.2625608  1.4641680  0.0182760 
22.2810103  1.4902470  0.9118880 
22.2994381  1.4624410  0.0277000 
22.3178452  1.4789170  0.0219060 
22.3362295  1.4127570  0.0323460 
22.3545920  1.4944540  0.8375740 
22.3729368  1.4531730  0.3949960 
22.3912608  1.4498240  0.0202240 
22.4095640  1.4607920  0.0312740 
22.4278445  1.4684050  0.4020670 
22.4461062  1.4583960  0.0225200 
22.4643471  1.4797210  0.0255190 
22.4825653  1.4355850  0.8542460 
22.5007637  1.4816060  0.0185260 
22.5189443  1.4737730  0.0090190 
22.5552413  1.4662530  0.5892520 
22.5733596  1.4418120  0.0247990 
22.5914592  1.4660370  0.0225090 
22.6095360  1.4626940  0.1098370 
22.6275940  1.4609920  0.0205570 
22.6456322  1.4761090  0.0157500 
22.6636527  1.4406330  0.1234560 
22.6816503  1.4731080  0.0129490 
22.6996293  1.4577480  0.0878830 
22.7175884  1.4491880  0.0463870 
22.7355297  1.4589000  0.0175700 
22.7534503  1.4501270  0.0101580 
22.7713511  1.4731030  0.0194860 
22.7892321  1.4505940  0.0073120 
22.8070953  1.4703180  0.0134290 
22.8249348  1.4257840  0.0400610 
22.8427565  1.4390680  0.0128080 
22.8605624  1.4501440  0.0135110 
22.8783465  1.4393240  0.0569170 
22.8961138  1.4355000  0.0255780 
22.9138584  1.4474480  0.0164800 
22.9315881  1.4603500  0.0675680 
22.9492971  1.4322230  0.0821830 
22.9669873  1.4451320  0.0089840 
22.9846587  1.4316290  0.0097410 
23.0023113  1.4240350  0.0261950 
23.0199461  1.4354160  0.0225630 
23.0375631  1.4050910  0.0137280 
23.0551623  1.4274940  0.0107620 
23.0727358  1.4266970  0.0209490 
23.0902975  1.4257420  0.0298730 
23.1078374  1.4099240  0.0171800 
23.1253614  1.4106110  0.0370680 
23.1428667  1.4209900  0.0160570 
23.1603532  1.4306450  0.6960940 
23.1778239  1.4242650  0.0091460 
23.1952748  1.4456070  0.0149240 
23.2127069  1.4349670  0.0554240 
23.2301252  1.4366170  0.7485050 
23.2475187  1.4185710  0.0103040 
23.2648985  1.3989990  0.0716440 
23.2822564  1.4271640  0.0157950 
23.2996015  1.4299220  0.7121290 
23.3169268  1.4126310  0.0488600 
23.3342363  1.4764970  0.0369290 
23.3428585  1.4934140  0.0322000 
23.3627655  1.4773510  0.0421050 
23.3826488  1.4546670  0.2596650 
23.4025074  1.4776020  0.0432190 
23.4223442  1.4838230  0.0080450 
23.4421553  1.4573040  0.0109130 
23.4619565  1.4815160  0.7994220 
23.4817211  1.4599000  0.1988600 
23.5014719  1.4979680  0.0265420 
23.5211931  1.4525460  0.6877870 
23.5408905  1.4220810  0.3586530 
23.5605681  1.4384020  0.3319850 
23.5998502  1.4335040  0.0712600 
23.6194586  1.4445170  0.0184020 
23.6390423  1.5032280  0.0132210 
23.6586072  1.4420440  0.0118410 
23.6781375  1.4302510  0.0197220 
23.6976569  1.4415670  0.1887710 
23.7171427  1.4426020  0.0117160 
23.7363853  1.5187220  0.0171310 
23.7560698  1.4721730  0.1854600 
23.7755012  1.4941550  0.0364930 
23.7949089  1.4868230  0.8332500 
23.8142948  1.4932050  0.0322610 
23.8336600  1.4720550  0.0136590 
23.8527622  1.4618260  0.0103300 
23.8720838  1.4910570  0.0066730 
23.8913828  1.4483030  0.0110440 
23.9106589  1.4583050  0.0088570 
23.9299163  1.4442340  0.0165320 
23.9491510  1.4583370  0.7716870 
23.9683649  1.4735830  0.0158540 
23.9875580  1.4663890  0.1445430 
24.0067304  1.4737570  0.0143490 
24.0258800  1.4636210  0.0169610 
24.0450118  1.4718950  0.0140620 
24.0641199  1.4431380  0.0110360 
24.0832092  1.4476140  0.0063590 
24.1022777  1.4202060  0.0142310 
24.1213245  1.4519740  0.0956590 
24.1403515  1.4583340  0.0134550 
24.1593578  1.4589740  0.0123360 
24.1783433  1.4590590  0.0070810 
24.1973099  1.4562090  0.6738340 
24.2162361  1.4316970  0.0211920 
24.2351593  1.4556330  0.0153780 
24.2540617  1.4393030  0.5644810 
24.2729463  1.4726070  0.0232090 
24.2918112  1.5305830  0.0683030 
24.3106533  1.6079020  0.0219400 
24.3294786  1.6564520  0.0162350 
24.3482821  1.5532800  0.0240040 
24.3670679  1.4700500  0.0238150 
24.3858329  1.3963740  0.6054240 
24.4045771  1.4415690  0.0136900 
24.4230237  1.4041590  0.0096940 
24.4417284  1.3947060  0.0171820 
24.4606970  1.4229850  0.5461620 
24.4793434  1.4251970  0.0603770 
24.4979897  1.3965190  0.0134520 
24.5166172  1.4219780  0.0133520 
24.5349393  1.4132460  0.6768310 
24.5535273  1.4166650  0.0147500 
24.5720935  1.3926830  0.0329440 
24.5906459  1.4044550  0.0072370 
24.6091775  1.4122970  0.0090690 
24.6276894  1.3860960  0.0061880 
24.6461834  1.3767710  0.5545870 
24.6646459  1.4211150  0.0122830 
24.6830905  1.4026500  0.0159420 
24.7015282  1.3594620  0.7376750 
24.7199441  1.3870010  0.0265660 
24.7383413  1.3780520  0.0113950 
24.7567236  1.3993780  0.0463420 
24.7750852  1.4021990  0.0080540 
24.7934299  1.3997450  0.6090320 
24.8117569  1.3912000  0.0183450 
24.8355686  1.4283350  0.0102330 
24.8568085  1.4480170  0.0261690 
24.8780256  1.4369810  0.0503470 
24.8992161  1.4488920  0.0079070 
24.9203798  1.4248870  0.0136430 
24.9415208  1.4559340  0.0240720 
24.9626361  1.4513350  0.0070300 
24.9837287  1.4450500  0.0462380 
25.0047966  1.4589580  0.0076960 
25.0258377  1.4648400  0.0481670 
25.0468581  1.4299060  0.5219180 
25.0674305  1.4209950  0.6766340 
25.0883985  1.4346620  0.0573370 
25.1093418  1.4420750  0.7177880 
25.1302623  1.4087730  0.0402670 
25.1511581  1.4221730  0.0081140 
25.1720302  1.4427220  0.0084530 
25.1928795  1.4430930  0.0062150 
25.2137061  1.4304830  0.0144380 
25.2345059  1.4458020  0.0085220 
25.2552851  1.4552380  0.5958070 
25.2756004  1.4408940  0.0413190 
25.2963301  1.4383270  0.5728510 
25.3170381  1.4142580  0.0393630 
25.3377213  1.4254390  0.0104720 
25.3583817  1.4125340  0.0235010 
25.3790175  1.4265960  0.0253670 
25.3996315  1.4366000  0.0154040 
25.4202237  1.4327190  0.0276630 
25.4407912  1.4074000  0.0742590 
25.4613390  1.4339480  0.0229110 
25.4818620  1.4331790  0.0695770 
25.5023623  1.3944420  0.0103870 
25.5228398  1.3595830  0.3665080 
25.5432660  1.3936260  0.0288560 
25.5636684  1.4370190  0.0822910 
25.5840797  1.4028150  0.0159380 
25.6044672  1.4080870  0.0105590 
25.6248311  1.4039640  0.0255510 
25.6654955  1.4140290  0.0180010 
25.6857960  1.3994400  0.0157490 
25.7060738  1.3322590  0.6435340 
25.7263309  1.3798180  0.0099520 
25.7465652  1.4049690  0.0311210 
25.7667787  1.3976360  0.0071250 
25.7869695  1.3913320  0.0063730 
25.8071395  1.4042020  0.0315670 
25.8272868  1.4364730  0.0057990 
25.8474134  1.5490940  0.0109070 
25.8675211  1.7446270  0.0380890 
25.8876071  2.1843200  0.0226750 
25.9076387  2.2786820  0.0218170 
25.9276456  1.7498940  0.0132250 
25.9676653  1.4025910  0.0595860 
25.9876445  1.3880930  0.0462310 
26.0076019  1.4131280  0.0140880 
26.0275376  1.3853150  0.0132710 
26.0474555  1.3939400  0.0199920 
26.0673517  1.3640770  0.0099930 
26.0872261  1.3687880  0.0128630 
26.1070807  1.3713190  0.0141830 
26.1269175  1.3826020  0.4615190 
26.1466989  1.3787210  0.0142710 
26.1664547  1.3707900  0.0193180 
26.1862282  1.3467790  0.1821910 
26.2059800  1.3995270  0.0116380 
26.2257120  1.3720040  0.0405290 
26.2454262  1.3918960  0.6160250 
26.2651167  1.3833820  0.0141180 
26.2842861  1.3984930  0.0129450 
26.3039370  1.3884710  0.0075130 
26.3235701  1.3903380  0.0125160 
26.3431123  1.3942880  0.0164260 
26.3627029  1.3676310  0.0081390 
26.3822738  1.4038730  0.5251670 
26.4018248  1.3545970  0.0094090 
26.4213581  1.3850250  0.0099810 
26.4408716  1.3734210  0.0139110 
26.4603663  1.3686680  0.0162260 
26.4798432  1.3492140  0.0089890 
26.4992983  1.3631320  0.0095380 
26.5186615  1.4173590  0.0129970 
26.5380771  1.3469230  0.0147930 
26.5574739  1.3999150  0.5852910 
26.5768520  1.3988970  0.0145670 
26.5962112  1.3679080  0.0100850 
26.6155516  1.3922680  0.0130780 
26.6348743  1.3675860  0.0198670 
26.6541792  1.4173110  0.0125580 
26.6733851  1.3830850  0.0203790 
26.6926504  1.3578430  0.0275840 
26.7118960  1.3710840  0.0171380 
26.7311237  1.3609820  0.0078520 
26.7503317  1.3829670  0.4712940 
26.7689879  1.3954910  0.0080230 
26.7881602  1.3775900  0.0084250 
26.8077716  1.4235860  0.0144600 
26.8269064  1.3830930  0.0201850 
26.8454835  1.3992930  0.0337130 
26.8645778  1.3921120  0.0111190 
26.8836582  1.3489480  0.0814910 
26.9027218  1.3727050  0.0151720 
26.9223084  1.4127010  0.5730700 
26.9407076  1.4199130  0.0130420 
26.9597148  1.3298620  0.0660050 
26.9787022  1.3413390  0.0154210 
27.0048109  1.4151660  0.0064920 
27.0270316  1.3948980  0.0402800 
27.0485276  1.4298950  0.0391520 
27.0706950  1.3693770  0.5821460 
27.0928396  1.4282910  0.0183380 
27.1149575  1.4198220  0.0145150 
27.1370517  1.4540030  0.0999410 
27.1591202  1.4219900  0.0811920 
27.1811649  1.4386740  0.0099920 
27.2024760  1.4077720  0.0136990 
27.2244723  1.4245640  0.0082380 
27.2464419  1.4299260  0.0098050 
27.2683898  1.4395300  0.0079910 
27.2903119  1.4087830  0.4384340 
27.3122113  1.4150830  0.0133650 
27.3340870  1.4433240  0.0088210 
27.3559389  1.4467960  0.0117020 
27.3777672  1.4436430  0.0117460 
27.3995687  1.4352320  0.0365200 
27.4213514  1.4015120  0.0645760 
27.4431094  1.4568500  0.6848030 
27.4647725  1.4072260  0.0249110 
27.4864821  1.3910760  0.0137960 
27.5080927  1.4560970  0.0153930 
27.5297548  1.4337860  0.0124610 
27.5513962  1.4557270  0.6416170 
27.5730128  1.4348950  0.0499350 
27.6161778  1.4328660  0.0123870 
27.6377272  1.3751070  0.0107900 
27.6592548  1.4096850  0.0107250 
27.6807587  1.4008400  0.0122130 
27.7022388  1.3796360  0.0240230 
27.7236972  1.4205270  0.0068660 
27.7451349  1.3927820  0.0523330 
27.7665498  1.3914230  0.6509070 
27.7879420  1.4660120  0.0084800 
27.8084066  1.4152230  0.0179640 
27.8297494  1.4111460  0.0245930 
27.8518248  1.4437370  0.4552230 
27.8723735  1.3815190  0.0127450 
27.8936529  1.3958340  0.0105550 
27.9149106  1.4331160  0.5548060 
27.9361466  1.3979310  0.0146780 
27.9573617  1.4169550  0.0068240 
27.9785542  1.3928450  0.0088970 
27.9989635  1.3996130  0.0487390 
28.0208777  1.4066730  0.0222610 
28.0418437  1.4056630  0.0186030 
28.0621818  1.3851500  0.1024840 
28.0832665  1.4100250  0.0099010 
28.1043274  1.3920650  0.0205920 
28.1253686  1.3837620  0.0196160 
28.1463889  1.3856300  0.0087660 
28.1673896  1.3861710  0.0149020 
28.1883684  1.4106460  0.0118210 
28.2093265  1.3592510  0.0112830 
28.2301818  1.3705420  0.1345250 
28.2510123  1.4168560  0.0145020 
28.2719061  1.3820210  0.5897020 
28.2927802  1.3721800  0.2328870 
28.3136324  1.3831330  0.0109180 
28.3344669  1.3873550  0.0245310 
28.3552797  1.3895550  0.0226940 
28.3760746  1.4037600  0.0085400 
28.3968478  1.3937640  0.0153720 
28.4174252  1.4317490  0.0237560 
28.4381559  1.4077910  0.0164330 
28.4588648  1.4076640  0.0123760 
28.4795559  1.3887880  0.0086780 
28.5002292  1.3774030  0.0115500 
28.5208808  1.4022240  0.0113250 
28.5415126  1.3924930  0.0536460 
28.5621256  1.3374230  0.0272610 
28.5825379  1.3838560  0.0325360 
28.6031074  1.4195910  0.0198880 
28.6236601  1.3589320  0.0075160 
28.6441910  1.3828580  0.1001990 
28.6647061  1.3348920  0.5291820 
28.6981703  1.4708630  0.0296260 
28.7224309  1.4577230  0.2562320 
28.7456523  1.4498560  0.0135410 
28.7698565  1.4496410  0.0119450 
28.7940321  1.4494320  0.0126140 
28.8181819  1.4092140  0.0100760 
28.8423031  1.4411700  0.0115890 
28.8653772  1.4405090  0.0106000 
28.8894420  1.4364140  0.0114010 
28.9134801  1.4284860  0.0572440 
28.9374925  1.4685460  0.6390750 
28.9614753  1.4524660  0.0110820 
28.9854323  1.4312560  0.0177370 
29.0093637  1.4568190  0.8157910 
29.0332673  1.4239920  0.0158850 
29.0571453  1.4807330  0.0222080 
29.0809975  1.4360030  0.0298850 
29.1048220  1.4275940  0.0418170 
29.1286209  1.4214890  0.0348150 
29.1523930  1.4550670  0.0072400 
29.1761405  1.4078090  0.0071140 
29.1998602  1.4227360  0.5436140 
29.2235552  1.4450200  0.4021930 
29.2472275  1.4147650  0.0107540 
29.2708701  1.3774820  0.0192650 
29.2934389  1.5384940  0.0294350 
29.3170301  1.3849460  0.0124660 
29.3405966  1.3968050  0.7169530 
29.3641374  1.3928570  0.6214690 
29.3876524  1.3868410  0.0297640 
29.4100858  1.4140200  0.4734270 
29.4346104  1.4098680  0.0133150 
29.4580513  1.4228390  0.0152030 
29.4802602  1.4011700  0.0200480 
29.5036477  1.4219470  0.0147100 
29.5268631  1.4619910  0.0218340 
29.5502002  1.4016870  0.0135040 
29.5735136  1.3923260  0.0102770 
29.5968032  1.4208210  0.0117190 
29.6200701  1.4294380  0.2121920 
29.6433093  1.4010400  0.0541500 
29.6665287  1.4115460  0.0063690 
29.6897214  1.4110860  0.0145990 
29.7128884  1.3977110  0.0540650 
29.7360347  1.4006140  0.0101280 
29.7591562  1.4405750  0.6066200 
29.7822560  1.3898260  0.5401590 
29.8053300  1.3624440  0.5564390 
29.8283834  1.4070700  0.0090580 
29.8512527  1.3936290  0.0236890 
29.8730088  1.3630990  0.4213170 
29.8970756  1.4085910  0.6324980 
29.9200290  1.3931730  0.0154710 
29.9418701  1.3589630  0.0165390 
29.9647790  1.3868010  0.0924680 
29.9876623  1.4286440  0.0130820 
30.0105257  1.3571640  0.4875790 
30.0322649  1.3592020  0.0109130 
30.0550809  1.3446710  0.0076540 
30.0789777  1.3729370  0.0155450 
30.1004835  1.4135560  0.0296980 
30.1230642  1.3927790  0.3400590 
30.1457853  1.3722910  0.0125050 
30.1684866  1.3941780  0.0135340 
30.1911632  1.3890690  0.2033370 
30.2138210  1.3774140  0.0120440 
30.2364560  1.3772210  0.0079890 
30.2590683  1.3685600  0.0069790 
30.2816579  1.3669370  0.0097720 
30.3042287  1.4223810  0.0162370 
30.3266057  1.3880640  0.0248140 
30.3489559  1.3826450  0.1734090 
30.3714555  1.3718560  0.0198370 
30.3939353  1.3870650  0.0121180 
30.4163934  1.3787840  0.0070910 
30.4388307  1.3672290  0.6599230 
30.4612462  1.3784540  0.0210070 
30.4836420  1.3631590  0.0091140 
30.5045348  1.4094590  0.0332100 
30.5268812  1.3690710  0.0230180 
30.5503389  1.3837620  0.0157220 
30.5715135  1.4096390  0.0116850 
30.5937985  1.4326670  0.0129230 
30.6160638  1.3734970  0.0142450 
30.6371692  1.3811770  0.5774960 
30.6605320  1.4039290  0.0803670 
30.6823711  1.5006820  0.7348150 
30.7034073  1.3675320  0.0364960 
30.7255628  1.4142960  0.0173760 
30.7477005  1.3610120  0.3590490 
30.7566341  1.4823500  0.0165160 
30.7831481  1.4738440  0.0263730 
30.8096305  1.4399080  0.0258590 
30.8346574  1.4168920  0.1292420 
30.8613108  1.4960720  0.0151160 
30.8877032  1.4419300  0.0138190 
30.9140650  1.4356990  0.2220540 
30.9403960  1.4622090  0.0220520 
30.9666995  1.5504090  0.0475310 
30.9929702  1.3901030  0.3624560 
31.0194487  1.5470000  0.0152080 
31.0456641  1.3054240  0.0191510 
31.0718518  1.4588760  0.0097390 
31.0980059  1.4693730  0.0273220 
31.1241343  1.3981130  0.0152700 
31.1487815  1.4268490  0.0239860 
31.1748486  1.4854070  0.7313250 
31.2008880  1.4104920  0.0136550 
31.2268968  1.5568780  0.7319970 
31.2528798  1.3722300  0.0238880 
31.2788322  1.4949600  0.0483310 
31.3030473  1.4225490  0.0250250 
31.3289394  1.5177080  0.0187210 
31.3548068  1.4612280  0.1505340 
31.3806445  1.4025930  0.0232370 
31.4064555  1.4255540  0.2403870 
31.4319797  1.4552570  0.0355560 
31.4577304  1.4358010  0.4062150 
31.4834564  1.4554450  0.0314070 
31.5076814  1.4449390  0.0170020 
31.5333510  1.3970860  0.0587940 
31.5589919  1.4295210  0.0724840 
31.5860853  1.4157310  0.0489760 
31.6116739  1.3856040  0.0242310 
31.6372377  1.4279990  0.0278210 
31.6612877  1.4242030  0.0204350 
31.6867961  1.4502440  0.0165400 
31.7122759  1.4674560  0.0307550 
31.7362418  1.4365660  0.0160500 
31.7616682  1.4927570  0.0225240 
31.7870639  1.4067850  0.0099920 
31.8124418  1.4816340  0.0108250 
31.8377881  1.3864870  0.0144830 
31.8631096  1.4065660  0.2033580 
31.8884075  1.4786040  0.0133860 
31.9136786  1.4029240  0.0194350 
31.9389200  1.4467030  0.0204960 
31.9641388  1.4228910  0.1254810 
31.9890559  1.4318540  0.0398220 
32.0142222  1.4080490  0.0332530 
32.0375662  1.4691400  0.1645740 
32.0626792  1.4231920  0.0252170 
32.0892752  1.4190780  0.5075680 
32.1143427  1.4279790  0.0136870 
32.1378647  1.4123990  0.1070650 
32.1628797  1.3755080  0.0114280 
32.1878641  1.4555180  0.0178340 
32.2113099  1.3816300  0.4305020 
32.2362459  1.4101040  0.0163040 
32.2626838  1.3743380  0.0296000 
32.2875742  1.4048910  0.0192050 
32.3106166  1.3455430  0.1172750 
32.3351561  1.4226240  0.0241720 
32.3599674  1.4327910  0.0257490 
32.3847560  1.4614520  0.7041440 
32.4095229  1.3638770  0.0145010 
32.4342581  1.4318980  0.0106360 
32.4589795  1.3482320  0.0770200 
32.4836702  1.4094830  0.0109560 
32.5083421  1.4346870  0.0171960 
32.5329873  1.4280600  0.0121000 
32.5560673  1.4728050  0.0181790 
32.5800531  1.3867530  0.1418030 
32.6046231  1.3771800  0.0268900 
32.6291705  1.5512140  0.4658790 
32.6536911  1.4182310  0.0355340 
32.6781940  1.4223030  0.0193370 
32.7011227  1.4241820  0.0215290 
32.7255761  1.4275690  0.1528720 
32.7500097  1.4828380  0.0132650 
32.7759760  1.4180850  0.2129060 
32.7984904  1.3924400  0.0207750 
32.8225325  1.4388440  0.1018890 
32.8468682  1.4678850  0.0374390 
32.8711852  1.4591390  0.0225660 
32.8954764  1.4510950  0.0199690 
32.9197519  1.4879050  0.0200160 
32.9440016  1.4622780  0.0106390 
32.9682286  1.3753100  0.0222910 
32.9924368  1.5429430  0.0223780 
33.0162900  1.4388490  0.6143120 
33.0401165  1.5951230  0.0228490 
33.0642525  1.3852220  0.0995600 
33.0867937  1.4400620  0.0173280 
33.1108881  1.4682400  0.0179070 
33.1333838  1.4812080  0.0239690 
33.1590099  1.2976810  0.0175640 
33.1823618  1.4422330  0.1197930 
33.2047852  1.5099550  0.0272970 
33.2287670  1.4296630  0.0366690 
33.2527260  1.2938070  0.0401690 
33.2766623  1.4755500  0.3044120 
33.3005838  1.3068180  0.0238270 
33.3260704  1.4054650  0.0223500 
33.3476643  1.3982260  0.0554920 
33.3715175  1.5462360  0.0525870 
33.3953490  1.3722850  0.5756200 
33.4191568  1.6012490  0.0132150 
33.4429497  1.4082110  0.0136300 
33.4667198  2.0360650  0.0551980 
33.4901212  1.8782250  0.0692760 
33.5118920  1.7385760  0.0465420 
33.5371938  1.4738820  0.0721350 
33.5608809  1.5876350  0.0332630 
33.5829435  1.2958620  0.0285350 
33.6065891  1.3148010  0.0320290 
33.6187530  1.6447170  0.0221830 
33.6474008  1.6130000  0.5951610 
33.6740147  1.5615130  0.0884440 
33.7025942  1.5630610  0.0269090 
33.7311441  1.7217930  0.0368510 
33.7596674  1.4615150  0.0166900 
33.7881560  1.5747760  0.0373310 
33.8166149  1.6154260  0.0187620 
33.8450392  1.5920420  0.0431820 
33.8734418  1.4844650  0.0284280 
33.9018068  1.4381390  0.0164050 
33.9301441  1.7293100  0.0737260 
33.9584528  1.5521180  0.0730850 
33.9867268  1.5547850  0.6048430 
34.0129561  1.4905150  0.0259580 
34.0411698  1.5410980  0.0225470 
34.0673318  1.4786240  0.0176430 
34.0954892  1.5065540  0.0529930 
34.1236159  1.5561060  0.6474860 
34.1517120  1.4589190  0.0166510 
34.1797793  1.5547890  0.0582990 
34.2078190  1.3944310  0.0226140 
34.2358291  1.5636950  0.0204700 
34.2638164  1.5052000  0.0156490 
34.2917661  1.4643760  0.0190130 
34.3196931  1.5084950  0.0275670 
34.3475894  1.5862300  0.0188990 
34.3734162  1.4152780  0.0112300 
34.4012522  1.5639280  0.0163540 
34.4290665  1.4599180  0.0290200 
34.4568501  1.5637420  0.0228450 
34.4846070  1.5469370  0.0905850 
34.5098030  1.7564070  0.0345850 
34.5375006  1.3983780  0.0377680 
34.5651705  1.3515380  0.0360440 
34.5923242  1.3583840  0.1308200 
34.6199348  1.4666070  0.0314940 
34.6454630  1.4800720  0.0219200 
34.6750798  1.4548850  0.0192860 
34.7026103  1.2005730  0.0301590 
34.7301190  1.4512420  0.0125720 
34.7575931  1.6153030  0.0206630 
34.7850445  1.5113680  0.0291840 
34.8104037  1.8839730  0.0389240 
34.8357272  1.8959850  0.0119080 
34.8631005  1.6193940  0.0323900 
34.8925175  1.4575540  0.4637220 
34.9198364  1.5303360  0.1213420 
34.9445459  1.6588200  0.0338170 
34.9718094  1.4230300  0.0309770 
34.9985331  1.3785800  0.0286320 
35.0236618  1.4341450  0.3306390 
35.0508413  1.5657480  0.0239050 
35.0800853  1.3779090  0.0235790 
35.1072203  1.3505080  0.0624050 
35.1343285  1.6321570  0.0421780 
35.1614141  1.3973510  0.5799450 
35.1863807  1.2794390  0.0238180 
35.2134177  1.4759660  0.0439560 
35.2404242  1.3802640  0.0416420 
35.2674118  1.5555720  0.0344740 
35.2912008  1.4314350  0.0485350 
35.3181251  1.4149090  0.0293470 
35.3450297  1.5082250  0.0314530 
35.3719115  1.2476350  0.0372170 
35.3987637  1.5376010  0.0467430 
35.4255971  1.2800630  0.0518380 
35.4524038  1.3122860  0.0270530 
35.4791917  1.4379950  0.0267990 
35.5059490  1.4603550  0.0642170 
35.5294710  1.1935960  0.0484670 
35.5561758  1.7295470  0.0746000 
35.5828579  1.5194240  0.0347300 
35.6095173  1.4679970  0.1293070 
35.6340350  1.0835910  0.0312230 
35.6606489  1.3709450  0.0237030 
35.6872370  1.5750020  0.0277440 
35.7159264  1.3907270  0.1107850 
35.7397836  1.5995730  0.1928400 
35.7662996  1.3059050  0.1980250 
35.7900885  1.5182790  0.0916090 
35.8186829  1.7214080  0.1307720 
35.8451317  1.1569910  0.0331820 
35.8715577  1.2279960  0.0304890 
35.8979610  1.6807760  0.0192940 
35.9222067  1.5411600  0.0374100 
35.9485675  1.6331570  0.4292320 
35.9737229  1.2408500  0.0565920 
36.0000273  1.5507460  0.0456050 
36.0241752  1.7505280  0.0275120 
36.0504351  1.4168620  0.0336340 
36.0766802  1.3806590  0.0227100 
36.1050402  2.0506760  1.2183590 
36.1284980  1.1945910  0.0472780 
36.1540677  1.6793730  0.6104340 
36.1802179  1.8451240  0.0831030 
36.2063423  1.1540270  0.0453660 
36.2324509  1.5206020  0.0184040 
36.2585368  0.8209870  0.0348920 
36.2846049  2.8150010  0.0800570 
36.3072666  1.3052050  0.0552910 
36.3332774  1.2858290  0.1022820 
36.3592733  0.7245000  0.0661540 
36.3830889  1.8816600  0.5689690 
36.4090433  1.3906540  0.0709770 
36.4371393  1.6373970  0.0437020 
36.4602648  1.2498070  0.0508440 
36.4855211  1.1014380  0.1570080 
