5.1587593  0.0607506  0.0047290 
5.1884880  0.0650936  0.0028070 
5.2182167  0.0672818  0.0031570 
5.2479453  0.0676613  0.0027890 
5.2776838  0.0678066  0.0025230 
5.3074125  0.0716171  0.0042830 
5.3371412  0.0741204  0.0031880 
5.3668698  0.0718490  0.0025890 
5.3965985  0.0692902  0.0022410 
5.4263370  0.0726734  0.0030380 
5.4560657  0.0745243  0.0022920 
5.4857943  0.0786132  0.0039470 
5.5155230  0.0807814  0.0039020 
5.5452517  0.0782515  0.0030360 
5.5749902  0.0790537  0.0023240 
5.6047188  0.0848193  0.0044450 
5.6344475  0.0813240  0.0020420 
5.6641762  0.0784368  0.0028180 
5.6939048  0.0808824  0.0042690 
5.7236433  0.0817379  0.0034510 
5.7533720  0.0837852  0.0041900 
5.7831007  0.0823926  0.0027930 
5.8128293  0.0823893  0.0032770 
5.8425580  0.0837486  0.0027590 
5.8722965  0.0866702  0.0028580 
5.9020252  0.0878453  0.0038590 
5.9317538  0.0885121  0.0027940 
5.9614825  0.0893011  0.0029070 
5.9912112  0.0923625  0.0044370 
6.0209497  0.0891258  0.0028840 
6.0506783  0.0912607  0.0033010 
6.0804070  0.0926566  0.0048610 
6.1101357  0.0948547  0.0037130 
6.1398643  0.0951410  0.0042030 
6.1696028  0.0958379  0.0040550 
6.1993315  0.0973436  0.0049370 
6.2290602  0.0992533  0.0030240 
6.2587888  0.0983977  0.0030610 
6.2885175  0.1008877  0.0040280 
6.3182560  0.1009033  0.0067370 
6.3479847  0.1014081  0.0053710 
6.3777133  0.1008212  0.0039920 
6.4074420  0.0984199  0.0044750 
6.4371707  0.1011463  0.0034380 
6.4669092  0.1035952  0.0030110 
6.4966378  0.1053573  0.0051850 
6.5263665  0.1071671  0.0037470 
6.5560952  0.1086395  0.0048850 
6.5858238  0.1066777  0.0028320 
6.6155623  0.1070594  0.0032600 
6.6452910  0.1062472  0.0046600 
6.6750197  0.1093841  0.0058010 
6.7047483  0.1114657  0.0043230 
6.7344770  0.1126386  0.0037270 
6.7642155  0.1132678  0.0045520 
6.7939442  0.1119651  0.0036070 
6.8236728  0.1136894  0.0037810 
6.8534015  0.1163325  0.0077700 
6.8831302  0.1167087  0.0049720 
6.9128687  0.1204093  0.0093590 
6.9425973  0.1233819  0.0054500 
6.9723260  0.1313579  0.0070310 
7.0020547  0.1305434  0.0054430 
7.0317833  0.1229004  0.0049430 
7.0615218  0.1217896  0.0048960 
7.0912505  0.1228360  0.0096820 
7.1209792  0.1211228  0.0070070 
7.1507078  0.1275131  0.0087280 
7.1804365  0.1295503  0.0065020 
7.2101750  0.1300341  0.0093680 
7.2399037  0.1304425  0.0065560 
7.2696323  0.1311038  0.0051770 
7.2993610  0.1326262  0.0048260 
7.3290897  0.1344493  0.0054290 
7.3588282  0.1322977  0.0060300 
7.3290897  0.1284463  0.0056100 
7.3885568  0.1313679  0.0047700 
7.4480142  0.1387768  0.0047770 
7.5074715  0.1423154  0.0046800 
7.5669387  0.1479523  0.0089840 
7.6263960  0.1835300  0.0061100 
7.6858533  0.1632395  0.0081520 
7.7453205  0.1450107  0.0045040 
7.8047778  0.1485703  0.0048850 
7.8642450  0.1509848  0.0029120 
7.9237023  0.1509848  0.0034590 
7.9831597  0.1490863  0.0028230 
8.0426268  0.1485392  0.0046670 
8.1020842  0.1503579  0.0031730 
8.1615415  0.1510303  0.0031090 
8.2210087  0.1548863  0.0045010 
8.2804660  0.1563831  0.0036550 
8.3399233  0.1531064  0.0027980 
8.3993905  0.1539964  0.0029540 
8.4588478  0.1576936  0.0025870 
8.5183150  0.1582617  0.0046710 
8.5777723  0.1591461  0.0039480 
8.6372297  0.1594324  0.0034590 
8.6966968  0.1599284  0.0032740 
8.7561541  0.1590252  0.0034470 
8.8156115  0.1604322  0.0024860 
8.8750786  0.1620089  0.0028360 
8.9345360  0.1704964  0.0029910 
8.9939933  0.1790560  0.0035220 
9.0534605  0.1673928  0.0035420 
9.1129178  0.1645544  0.0026110 
9.1723850  0.1650071  0.0026750 
9.2318423  0.1687654  0.0032280 
9.2912996  0.1691382  0.0032400 
9.3507668  0.1715283  0.0032040 
9.4102241  0.1741637  0.0028950 
9.4696815  0.1801579  0.0030640 
9.5291486  0.1827632  0.0035430 
9.5886060  0.1800081  0.0032660 
9.6480633  0.1849891  0.0029540 
9.7075305  0.1870608  0.0034230 
9.7669878  0.1848493  0.0036640 
9.8264550  0.1892989  0.0082020 
9.8859123  0.1917589  0.0040740 
9.9453696  0.1932026  0.0063830 
10.0048368  0.1934800  0.0040260 
10.0642941  0.1944364  0.0032290 
10.1237515  0.1981115  0.0041760 
10.1832186  0.2046560  0.0036990 
10.2426760  0.2047415  0.0037780 
10.3021333  0.2080803  0.0034660 
10.3616005  0.2106624  0.0072790 
10.4210578  0.2293240  0.0063150 
10.4805250  0.3098624  0.0069040 
10.5399823  0.2978918  0.0046750 
10.5994396  0.2299276  0.0061990 
10.6589068  0.2279803  0.0039910 
10.7183641  0.2288258  0.0032800 
10.7778215  0.2307410  0.0032750 
10.8372886  0.2347678  0.0032980 
10.8967460  0.2377116  0.0035550 
10.9562033  0.2410416  0.0043500 
11.0156705  0.2402227  0.0046250 
11.0751278  0.2449386  0.0047030 
11.1345950  0.2503668  0.0038630 
11.1940523  0.2528857  0.0102810 
11.2535096  0.2597931  0.0069870 
11.3129768  0.2620189  0.0055510 
11.3724341  0.2630997  0.0042790 
11.4318915  0.2652657  0.0044880 
11.4913586  0.2674883  0.0060400 
11.5508160  0.2684348  0.0045110 
11.6102733  0.2698074  0.0056990 
11.6697405  0.2681629  0.0037340 
11.7291978  0.2756972  0.0038220 
11.7886650  0.2803543  0.0041750 
11.8481223  0.2825702  0.0035040 
11.9075796  0.2839384  0.0083190 
11.9670468  0.2861399  0.0115560 
12.0265041  0.2885588  0.0046450 
12.0859615  0.2913961  0.0054550 
12.1454286  0.2920164  0.0049140 
12.2048860  0.2948626  0.0037620 
12.2643433  0.3008246  0.0052530 
12.3238105  0.3024113  0.0038900 
12.3832678  0.3041501  0.0049600 
12.4427350  0.3062972  0.0058840 
12.5021923  0.3084443  0.0052020 
12.5616496  0.3127319  0.0056480 
12.6211168  0.3157523  0.0058210 
12.6805741  0.3139369  0.0058140 
12.7400315  0.3291376  0.0074930 
12.7994986  0.3557718  0.0075880 
12.8589560  0.3467673  0.0064820 
12.9184133  0.3247901  0.0060210 
12.9778805  0.3286583  0.0059120 
13.0373378  0.3310584  0.0063520 
13.0967951  0.3353315  0.0095000 
13.1562623  0.3367363  0.0053320 
13.2157196  0.3328648  0.0071390 
13.2751868  0.3347900  0.0050680 
13.3346441  0.3395370  0.0062130 
13.3941015  0.3410860  0.0056180 
13.4535686  0.3448632  0.0063060 
13.5130260  0.3492628  0.0053090 
13.5724833  0.3503047  0.0056090 
13.6319505  0.3557352  0.0058110 
13.6914078  0.3570224  0.0058440 
13.7508651  0.3604400  0.0060280 
13.8314491  0.3604400  0.0084960 
13.9146972  0.3703730  0.0076360 
13.9979453  0.3763550  0.0069250 
14.0811836  0.3796510  0.0060660 
14.1644318  0.3886570  0.0181380 
14.2476799  0.4344370  0.0090860 
14.3309182  0.5135210  0.0078770 
14.4141663  0.4697730  0.0084490 
14.4974145  0.4039540  0.0080590 
14.5806626  0.4167710  0.0088010 
14.6639009  0.4173490  0.0164330 
14.7471490  0.4204850  0.0151490 
14.8303972  0.4232170  0.0070800 
14.9136355  0.4306010  0.0121750 
14.9968836  0.4310240  0.0092610 
15.0801317  0.4407450  0.0169100 
15.1633700  0.4405430  0.0098160 
15.2466182  0.4433980  0.0078870 
15.3298663  0.4453540  0.0110440 
15.4131046  0.4543150  0.0095320 
15.4963527  0.5587240  0.0230530 
15.5796009  0.7027620  0.0085950 
15.6628392  0.5348680  0.0081550 
15.7460873  0.4765720  0.0136570 
15.8293364  0.4736480  0.0083670 
15.9125826  0.4770890  0.0103790 
15.9958219  0.4820320  0.0095180 
16.0790710  0.4854140  0.0073140 
16.1623181  0.4912520  0.0092760 
16.2455574  0.4906230  0.0118440 
16.3288036  0.4978890  0.0109070 
16.4120527  0.5060670  0.0084720 
16.4952920  0.5093740  0.0128180 
16.5785381  0.5121000  0.0128510 
16.6617873  0.5074840  0.0114560 
16.7450246  0.5133620  0.0091140 
16.8282737  0.5228340  0.0076190 
16.9115218  0.5307280  0.0065100 
16.9947591  0.5462260  0.0078900 
17.0780083  0.5517150  0.0092520 
17.1612564  0.5462970  0.0088780 
17.2445035  0.5436720  0.0116250 
17.3277428  0.5522490  0.0091090 
17.4109919  0.5563670  0.0101650 
17.4942381  0.5556450  0.0179870 
17.5774774  0.5571430  0.0148560 
17.6607265  0.5589000  0.0115710 
17.7439737  0.5583520  0.0083840 
17.8272129  0.5559160  0.0074690 
17.9104591  0.5635640  0.0091550 
17.9937082  0.5676930  0.0169780 
18.0769475  0.5670510  0.0141640 
18.1601937  0.5762270  0.0148930 
18.2434428  0.5714490  0.0089710 
18.3266801  0.5736350  0.0082280 
18.4099292  0.5743520  0.0127470 
18.4931773  0.5820660  0.0125600 
18.5764265  0.5863890  0.0079530 
18.6596638  0.6539280  0.0117170 
18.7429119  0.6927130  0.0135240 
18.8261591  0.6350460  0.0142610 
18.9093983  0.5913470  0.0084550 
18.9926475  0.5981500  0.0165120 
19.0758936  0.5847270  0.0123670 
19.1591329  0.5929740  0.0105900 
19.2423820  0.6038900  0.0131800 
19.3256292  0.5981390  0.0153400 
19.4088685  0.6075780  0.0174270 
19.4921146  0.6044480  0.0130890 
19.5753637  0.6056480  0.0149390 
19.6586030  0.6100010  0.0124850 
19.7418492  0.6103640  0.0137620 
19.8250983  0.6135470  0.0146710 
19.9083474  0.6057740  0.0118480 
19.9915847  0.6056320  0.0237010 
20.0748329  0.6077160  0.0113450 
20.1580820  0.6023630  0.0154740 
20.2413193  0.5881670  0.0141550 
20.4078146  0.6133170  0.0118210 
20.5743030  0.6273760  0.0092380 
20.7407884  0.6258880  0.0142060 
20.9072847  0.6330230  0.0164890 
21.0737702  0.6321440  0.0179670 
21.2402674  0.6386390  0.0182300 
21.4067538  0.6440430  0.0170610 
21.5732403  0.6480170  0.0140630 
21.7397375  0.6380310  0.0101340 
21.9062230  0.6517940  0.0142780 
22.0727094  0.6457270  0.0116660 
22.2392047  0.6557790  0.0153760 
22.4056931  0.6593990  0.0139230 
22.5721884  0.6614910  0.0105910 
22.7386748  0.6594040  0.0202440 
22.9051602  0.6627700  0.0210300 
23.0716585  0.6594570  0.0095550 
23.2381439  0.6608050  0.0074070 
23.4046304  0.6681130  0.0066530 
23.5711256  0.6751780  0.0064720 
23.7376140  0.6940030  0.0124610 
23.9041093  0.7081820  0.0164900 
24.0705958  0.7013200  0.0189680 
24.2370812  0.7634490  0.0167810 
24.4035785  0.8461690  0.0087610 
24.5700649  0.7158420  0.0261180 
24.7365513  0.7122860  0.0135760 
24.9030486  0.7139710  0.0171180 
25.0695350  0.7054370  0.0125820 
25.2360303  0.6997960  0.0140470 
25.4025157  0.6809140  0.0277960 
25.5690022  0.6960940  0.0125880 
25.7354994  0.9912480  0.0106640 
25.9019858  1.3839380  0.0223650 
26.0684723  0.9863280  0.0102240 
26.2349695  0.7224120  0.0206660 
26.4014550  0.7189650  0.0093230 
26.5679512  0.7064790  0.0124400 
26.7344367  0.7055180  0.0101770 
26.9009251  0.7199990  0.0124440 
27.0674204  0.7407570  0.0124720 
27.2339068  0.7401870  0.0079330 
27.4003923  0.7459630  0.0097260 
27.5668895  0.7461250  0.0103710 
27.7333759  0.7493810  0.0089320 
27.8998712  0.7491450  0.0262600 
28.0663596  0.7501770  0.0139550 
28.2328460  0.7523690  0.0116000 
28.3993413  0.7481280  0.0090370 
28.5658268  0.7504150  0.0117090 
28.7323132  0.7519870  0.0121510 
28.8988105  0.7605990  0.0139810 
29.0652969  0.7598850  0.0145300 
29.2317922  0.7636920  0.0095970 
29.3982806  0.7684440  0.0145140 
29.5647660  0.7582240  0.0128770 
29.7312623  0.7693850  0.0207470 
29.8977477  0.7730900  0.0121330 
30.0642361  0.7703690  0.0304560 
30.2307314  0.7925950  0.0113590 
30.3972179  0.7831350  0.0217140 
30.5637151  0.7793120  0.0153390 
30.7302006  0.7871230  0.0157180 
30.8966870  0.7864730  0.0128680 
31.0631823  0.7865900  0.0146230 
31.2296707  0.7883080  0.0453230 
31.3961571  0.7900960  0.0139840 
31.5626524  0.7928920  0.0167140 
31.7291378  0.7859350  0.0166790 
31.8956361  0.7984810  0.0184830 
32.0621215  0.8124770  0.0167770 
32.2286079  0.8100000  0.0256230 
32.3951052  0.8086380  0.0173890 
32.5615916  0.8220790  0.0167980 
32.7280771  0.8451830  0.0290510 
32.8945743  0.8401430  0.0237250 
33.0610608  0.8339270  0.0360270 
33.2275541  0.8992600  0.0392190 
33.3940405  1.0956560  0.0386470 
33.5605309  0.9924810  0.0410760 
33.7270242  0.8680870  0.0460450 
33.8935106  0.8425780  0.0271360 
34.0599961  0.8345450  0.0257160 
34.2264933  0.8207680  0.0362100 
34.3929797  0.8274100  0.0391550 
34.5594770  0.8709930  0.0350710 
34.7259634  0.9852790  0.0298090 
34.8924489  1.0903930  0.0834520 
35.0589471  0.8699560  0.0762220 
35.2254326  0.8574530  0.1676640 
35.3919190  0.8972170  0.0490290 
35.5584162  0.8757240  0.0450680 
35.7249027  0.8380550  0.0428060 
35.8913999  0.8464440  0.0556490 
36.0578864  0.8885860  0.0439100 
36.2243718  0.8207800  0.0501370 
36.3908651  0.7919120  0.0578960 
36.5573516  0.8491440  0.0614120 
36.7238419  0.7895150  0.0578920 
