5.1775925  0.1054544  0.0045060 
5.2074297  0.1078198  0.0055430 
5.2372669  0.1094837  0.0039100 
5.2671041  0.1084877  0.0031770 
5.2969512  0.1137649  0.0044470 
5.3267884  0.1308009  0.0052870 
5.3566256  0.1287983  0.0044350 
5.3864628  0.1113545  0.0033120 
5.4163000  0.1122974  0.0042260 
5.4461470  0.1250718  0.0024060 
5.4759842  0.1236990  0.0031440 
5.5058214  0.1378484  0.0053900 
5.5356586  0.1251792  0.0044370 
5.5654958  0.1220119  0.0026000 
5.5953429  0.1472521  0.0047710 
5.6251801  0.1492211  0.0037320 
5.6550173  0.1267334  0.0037860 
5.6848545  0.1245541  0.0033660 
5.7146917  0.1258309  0.0030430 
5.7445387  0.1293114  0.0025020 
5.7743759  0.1295783  0.0041870 
5.8042131  0.1312319  0.0028770 
5.8340503  0.1352427  0.0034810 
5.8638875  0.1362827  0.0029870 
5.8937346  0.1388110  0.0037050 
5.9235718  0.1401109  0.0036950 
5.9534090  0.1415634  0.0037120 
5.9832462  0.1451710  0.0034750 
6.0130834  0.1456875  0.0034220 
6.0429304  0.1464490  0.0031740 
6.0727676  0.1490501  0.0034700 
6.1026048  0.1495724  0.0062420 
6.1324420  0.1529731  0.0032300 
6.1622792  0.1551039  0.0031760 
6.1921263  0.1540396  0.0027790 
6.2219635  0.1541332  0.0031120 
6.2518007  0.1550507  0.0032490 
6.2816379  0.1575755  0.0031440 
6.3114751  0.1590015  0.0040750 
6.3413222  0.1595365  0.0029830 
6.3711593  0.1599201  0.0028530 
6.4009965  0.1616337  0.0040020 
6.4308337  0.1634537  0.0031680 
6.4606709  0.1659554  0.0091810 
6.4905180  0.1688304  0.0035220 
6.5203552  0.1711322  0.0035550 
6.5501924  0.1699223  0.0039390 
6.5800296  0.1732930  0.0037550 
6.6098668  0.1770739  0.0057760 
6.6397139  0.1853613  0.0039960 
6.6695511  0.1846819  0.0087740 
6.6993883  0.1860893  0.0041800 
6.7292255  0.1873419  0.0044600 
6.7590627  0.1846668  0.0048170 
6.7889097  0.1851637  0.0044750 
6.8187469  0.1875129  0.0047850 
6.8485841  0.1894264  0.0067280 
6.8784213  0.1963226  0.0045880 
6.9082585  0.1992773  0.0096150 
6.9381056  0.2054975  0.0057260 
6.9679428  0.2750070  0.0100120 
6.9977800  0.2965980  0.0062380 
7.0276172  0.2213675  0.0128040 
7.0574544  0.2053900  0.0053310 
7.0873014  0.2117350  0.0060250 
7.1171386  0.2131436  0.0078370 
7.1469758  0.2176721  0.0084000 
7.1768130  0.2219268  0.0069270 
7.2066502  0.2266217  0.0066710 
7.2364973  0.2340482  0.0087420 
7.2663345  0.2375113  0.0183140 
7.2961717  0.2490354  0.0175070 
7.3260089  0.2550141  0.0147620 
7.3558461  0.2554786  0.0081520 
7.3856931  0.2567277  0.0185650 
7.3558461  0.2213629  0.0055830 
7.4155303  0.2336519  0.0074350 
7.4752047  0.2338495  0.0068350 
7.5348791  0.2300270  0.0074210 
7.5945634  0.2438147  0.0167220 
7.6542378  0.3522989  0.0058510 
7.7139122  0.3075373  0.0183230 
7.7735964  0.2496155  0.0033010 
7.8332708  0.2608610  0.0116150 
7.8929551  0.2618710  0.0072180 
7.9526295  0.2595934  0.0053300 
8.0123039  0.2612886  0.0048200 
8.0719882  0.2645448  0.0068970 
8.1316626  0.2661614  0.0061280 
8.1913370  0.2704242  0.0075840 
8.2510212  0.2707442  0.0045930 
8.3106956  0.2751029  0.0031400 
8.3703700  0.2794627  0.0053150 
8.4300543  0.2845077  0.0036340 
8.4897287  0.2823711  0.0035170 
8.5494129  0.2850496  0.0038690 
8.6090873  0.2900993  0.0047210 
8.6687617  0.2900380  0.0039850 
8.7284460  0.2913565  0.0035700 
8.7881204  0.2921746  0.0034770 
8.8477948  0.2934700  0.0094880 
8.9074790  0.2936283  0.0043990 
8.9671534  0.3318912  0.0081590 
9.0268278  0.3552074  0.0052750 
9.0865121  0.2942488  0.0079190 
9.1461865  0.2958769  0.0082920 
9.2058707  0.2905603  0.0056570 
9.2655451  0.2901779  0.0078230 
9.3252195  0.2914801  0.0052560 
9.3849038  0.2914166  0.0055750 
9.4445782  0.2968730  0.0089790 
9.5042526  0.3122033  0.0066570 
9.5639369  0.3183253  0.0056580 
9.6236112  0.3157254  0.0058460 
9.6832856  0.3176147  0.0047080 
9.7429699  0.3185044  0.0084150 
9.8026443  0.3227741  0.0049440 
9.8623286  0.3274667  0.0054840 
9.9220030  0.3351706  0.0077970 
9.9816774  0.3423082  0.0034370 
10.0413616  0.3512994  0.0031520 
10.1010360  0.3608348  0.0051070 
10.1607104  0.3723311  0.0046260 
10.2203947  0.3823206  0.0046360 
10.2800691  0.3888551  0.0054830 
10.3397435  0.4032091  0.0056770 
10.3994277  0.4143772  0.0248950 
10.4591021  0.5155227  0.0045770 
10.5187864  0.6283077  0.0107410 
10.5784608  0.5186056  0.0066480 
10.6381352  0.4489274  0.0084210 
10.6978194  0.4663863  0.0055350 
10.7574938  0.4754849  0.0057320 
10.8171682  0.4899336  0.0104390 
10.8768525  0.4927935  0.0082000 
10.9365269  0.5119752  0.0085520 
10.9962013  0.5224547  0.0084160 
11.0558855  0.5340018  0.0072060 
11.1155599  0.5385927  0.0089720 
11.1752442  0.5544766  0.0087220 
11.2349186  0.5688918  0.0126620 
11.2945930  0.5834248  0.0090940 
11.3542773  0.5935114  0.0100480 
11.4139517  0.6069051  0.0234300 
11.4736260  0.6212348  0.0148340 
11.5333103  0.6369002  0.0127040 
11.5929847  0.6439940  0.0104980 
11.6526591  0.6501495  0.0257030 
11.7123434  0.6556093  0.0097340 
11.7720178  0.6746651  0.0110130 
11.8317020  0.6920153  0.0071120 
11.8913764  0.7066477  0.0088540 
11.9510508  0.7172901  0.0086830 
12.0107351  0.7293919  0.0130220 
12.0704095  0.7427001  0.0120250 
12.1300839  0.7499222  0.0092320 
12.1897681  0.7608881  0.0225080 
12.2494425  0.7806499  0.0228490 
12.3091169  0.7932521  0.0240540 
12.3688012  0.7974882  0.0260810 
12.4284756  0.8050084  0.0104580 
12.4881598  0.8163637  0.0103590 
12.5478342  0.8258818  0.0113180 
12.6075086  0.8415334  0.0093990 
12.6671929  0.8534977  0.0104310 
12.7268673  0.9217707  0.0243150 
12.7865417  1.2398742  0.0111300 
12.8462259  1.3326144  0.0403070 
12.9059003  0.9717149  0.0097070 
12.9655747  0.8936811  0.0119390 
13.0252590  0.9112878  0.0093460 
13.0849334  0.9345948  0.0121910 
13.1446078  0.9416851  0.0131560 
13.2042921  0.9361582  0.0109340 
13.2639665  0.9450361  0.0109250 
13.3236507  0.9597818  0.0106680 
13.3833251  0.9744361  0.0124470 
13.4429995  0.9892396  0.0354330 
13.5026838  1.0092151  0.0158800 
13.5623582  1.0302237  0.0476440 
13.6220326  1.0461735  0.0143770 
13.6817168  1.0602062  0.0213150 
13.7413912  1.0740679  0.0151870 
13.8010656  1.1007420  0.0180670 
13.8819438  1.2719354  0.0174550 
13.9654958  1.3021131  0.0156810 
14.0490479  1.1716400  0.0175770 
14.1325900  1.1673310  0.0096940 
14.2161421  1.2489020  0.0447190 
14.2996941  1.4669640  0.0408840 
14.3832363  1.4710250  0.0119410 
14.4667884  1.2650970  0.0104390 
14.5503404  1.2561050  0.0199630 
14.6338925  1.2979510  0.0084250 
14.7174346  1.3206630  0.0217230 
14.8009867  1.3678270  0.0314630 
14.8845387  1.3763260  0.0160720 
14.9680809  1.3936770  0.0182460 
15.0516330  1.4174970  0.0138450 
15.1351850  1.4427030  0.0131800 
15.2187272  1.4736570  0.0105260 
15.3022792  1.4924180  0.0143960 
15.3858313  1.4897350  0.0069160 
15.4693735  1.8481160  0.0101020 
15.5529255  2.5155230  0.0170270 
15.6364776  2.0626570  0.0206550 
15.7200197  1.6074900  0.0180890 
15.8035718  1.6392870  0.0150700 
15.8871248  1.6480230  0.0140600 
15.9706749  1.6712220  0.0119290 
16.0542181  1.7177550  0.0121980 
16.1377711  1.7169700  0.0106520 
16.2213222  1.7446880  0.0169520 
16.3048653  1.7612370  0.0421090 
16.3884154  1.7776090  0.0582880 
16.4719684  1.7976060  0.0100450 
16.5555116  1.8203000  0.0145520 
16.6390617  1.8617670  0.0106560 
16.7226147  1.8647910  0.0130190 
16.8061559  1.8929460  0.0127160 
16.8897089  1.9491860  0.0121750 
16.9732610  2.0013520  0.0139240 
17.0568022  2.0625750  0.0172210 
17.1403552  2.0074780  0.0257030 
17.2239073  2.0079370  0.0113090 
17.3074583  2.0154790  0.0181060 
17.3910015  2.0297170  0.0233100 
17.4745545  2.0575800  0.0189070 
17.5581046  2.0658710  0.0145880 
17.6416478  2.0511220  0.0327820 
17.7252008  2.0830570  0.0404990 
17.8087519  2.1297790  0.0229040 
17.8922950  2.1534830  0.0119530 
17.9758451  2.1729630  0.0259400 
18.0593981  2.1247410  0.0209550 
18.1429413  2.1540780  0.0233240 
18.2264914  2.1609530  0.0237190 
18.3100444  2.1401900  0.0500750 
18.3935856  2.1419990  0.0591390 
18.4771386  2.1226500  0.0177200 
18.5606907  2.1242980  0.0174660 
18.6442437  2.4133590  0.0186630 
18.7277849  2.6294610  0.0468650 
18.8113370  2.3459370  0.0196180 
18.8948880  2.1192220  0.0247190 
18.9784312  2.1220200  0.0137290 
19.0619842  2.1428570  0.0193160 
19.1455343  2.1241140  0.0194640 
19.2290775  2.1282290  0.0167250 
19.3126305  2.1648680  0.0185410 
19.3961815  2.1721870  0.0232470 
19.4797247  2.1708120  0.0218570 
19.5632748  2.1841740  0.0235020 
19.6468278  2.1804420  0.1010020 
19.7303710  2.1837580  0.0590450 
19.8139211  2.1984070  0.0170550 
19.8974741  2.2049550  0.0257880 
19.9810271  2.2132280  0.0242450 
20.0645683  2.2029000  0.0315870 
20.1481204  2.2138620  0.0174720 
20.2316734  2.1921550  0.0198910 
20.3152146  2.1815060  0.0617270 
20.4823177  2.2143180  0.0220800 
20.6494139  2.2701460  0.0303600 
20.8165072  2.2637240  0.0291200 
20.9836112  2.2801640  0.0254160 
21.1507045  2.2914220  0.0338710 
21.3178096  2.2789440  0.0403540 
21.4849038  2.2951240  0.0158380 
21.6519980  2.3175500  0.0360050 
21.8191031  2.3435720  0.0169770 
21.9861963  2.3707830  0.0524120 
22.1532906  2.3437500  0.0471320 
22.3203937  2.3583990  0.0360300 
22.4874899  2.3946520  0.0176860 
22.6545930  2.3966590  0.0177430 
22.8216872  2.3957040  0.0316040 
22.9887805  2.3874350  0.0591770 
23.1558865  2.3996770  0.0241880 
23.3229798  2.4138730  0.0149470 
23.4900740  2.4047010  0.0343480 
23.6571771  2.3965820  0.0480960 
23.8242733  2.3966710  0.0119120 
23.9913764  2.4356970  0.0178450 
24.1584706  2.4773030  0.0142640 
24.3255639  2.7203770  0.0320070 
24.4926690  2.5182430  0.0136960 
24.6597632  2.3973440  0.0285400 
24.8268574  2.4413010  0.0296310 
24.9939625  2.4103260  0.0396820 
25.1610567  2.3758650  0.0176730 
25.3281598  2.4090440  0.0136690 
25.4952531  2.4142510  0.0225870 
25.6623473  2.6186140  0.0611170 
25.8294524  3.6604440  0.0409050 
25.9965466  3.4439120  0.0640400 
26.1636408  2.5716720  0.0416360 
26.3307459  2.4781590  0.0459770 
26.4978392  2.5027090  0.0152330 
26.6649433  2.4876950  0.0631600 
26.8320365  2.4996950  0.0537790 
26.9991327  2.5386650  0.0410710 
27.1662358  2.5666360  0.0264290 
27.3333300  2.5548610  0.0216430 
27.5004233  2.5640590  0.0173180 
27.6675284  2.5494020  0.0149520 
27.8346226  2.5813880  0.0313650 
28.0017257  2.5923730  0.0251090 
28.1688219  2.6081800  0.0187470 
28.3359161  2.5959060  0.0743030 
28.5030192  2.6048030  0.0213660 
28.6701125  2.5946110  0.0164480 
28.8372067  2.5828500  0.0192950 
29.0043118  2.6359140  0.0251120 
29.1714060  2.6403970  0.0166950 
29.3385091  2.6654390  0.0197900 
29.5056053  2.6893310  0.0198920 
29.6726986  2.6567910  0.0414060 
29.8398027  2.6581570  0.0496930 
30.0068959  2.6572180  0.0254550 
30.1739921  2.6462800  0.0352150 
30.3410952  2.7040560  0.0193910 
30.5081894  2.7097400  0.0711970 
30.6752945  2.7237320  0.0192810 
30.8423878  2.7492630  0.0794920 
31.0094820  2.7837360  0.0187420 
31.1765851  2.8164920  0.0386300 
31.3436813  2.7916320  0.0441430 
31.5107755  2.8073590  0.0259500 
31.6778786  2.7960360  0.0361700 
31.8449719  2.7728970  0.0297540 
32.0120779  2.8210850  0.0235210 
32.1791712  2.8747180  0.0476930 
32.3462654  2.8941110  0.0297800 
32.5133705  2.9682040  0.0257210 
32.6804647  2.9967320  0.0339440 
32.8475580  3.0933600  0.0334260 
33.0146630  3.0621630  0.0551310 
33.1817573  3.0873780  0.1349170 
33.3488584  3.4547320  0.0477790 
33.5159526  3.6170550  0.0517560 
33.6830508  3.1826350  0.0367090 
33.8501519  3.1653010  0.0558680 
34.0172462  3.1578980  0.0834450 
34.1843394  3.1167450  0.0742780 
34.3514445  3.0355440  0.0996420 
34.5185387  3.2107220  0.0723680 
34.6856438  3.9183810  0.0632680 
34.8527380  4.1906570  0.0715670 
35.0198313  3.3976260  0.0946640 
35.1869373  3.1505970  0.1241300 
35.3540306  3.0192430  0.0934630 
35.5211248  3.0387150  0.0539140 
35.6882299  3.0113800  0.1240020 
35.8553241  3.0834530  0.0691840 
36.0224292  3.0635730  0.2782810 
36.1895234  3.1038280  0.1480620 
36.3566167  3.0217210  0.0748260 
36.5237178  3.0109440  0.0968080 
36.6908120  3.1848480  0.1834440 
36.8579102  2.9686650  0.1654810 
