5.2271043  0.1548047  0.0066000 
5.2572268  0.1459849  0.0057900 
5.2873493  0.1412712  0.0058850 
5.3174719  0.1514012  0.0063220 
5.3476043  0.1681075  0.0066880 
5.3777269  0.1507213  0.0066500 
5.4078494  0.1485650  0.0051300 
5.4379719  0.1453117  0.0048430 
5.4680944  0.1515500  0.0039600 
5.4982269  0.1581545  0.0083630 
5.5283494  0.1681584  0.0053170 
5.5584720  0.1530466  0.0059420 
5.5885945  0.1588947  0.0044210 
5.6187170  0.1733133  0.0058130 
5.6488495  0.1713836  0.0135630 
5.6789720  0.1723719  0.0080300 
5.7090945  0.1767677  0.0054100 
5.7392171  0.1785794  0.0047560 
5.7693396  0.1760570  0.0054270 
5.7994721  0.1760436  0.0067450 
5.8295946  0.1756614  0.0055740 
5.8597171  0.1796857  0.0060020 
5.8898396  0.1856666  0.0081650 
5.9199621  0.1826091  0.0091450 
5.9500946  0.1807371  0.0069300 
5.9802172  0.1899847  0.0045970 
6.0103397  0.1976338  0.0068560 
6.0404622  0.1981930  0.0045710 
6.0705847  0.2010118  0.0061670 
6.1007172  0.2137648  0.0056670 
6.1308397  0.2314124  0.0058880 
6.1609622  0.2569828  0.0049720 
6.1910848  0.2883892  0.0133560 
6.2212073  0.2948314  0.0117630 
6.2513398  0.2844547  0.0136740 
6.2814623  0.2609710  0.0140110 
6.3115848  0.2447622  0.0140880 
6.3417073  0.2348039  0.0140510 
6.3718299  0.2365257  0.0124660 
6.4019623  0.2260712  0.0107790 
6.4320849  0.2214528  0.0096190 
6.4622074  0.2190095  0.0086300 
6.4923299  0.2174163  0.0061890 
6.5224524  0.2217129  0.0065750 
6.5525849  0.2190430  0.0086050 
6.5827074  0.2170422  0.0077200 
6.6128300  0.2197443  0.0131330 
6.6429525  0.2192964  0.0134190 
6.6730750  0.2194976  0.0075930 
6.7032075  0.2167820  0.0068440 
6.7333300  0.2183323  0.0055900 
6.7634525  0.2187198  0.0065530 
6.7935751  0.2232377  0.0072460 
6.8236976  0.2242662  0.0069050 
6.8538301  0.2265540  0.0107420 
6.8839526  0.2408062  0.0289950 
6.9140751  0.2859472  0.0085150 
6.9441976  0.2567079  0.0324020 
6.9743202  0.2840148  0.0375320 
7.0044526  0.3186812  0.0138730 
7.0345752  0.2693952  0.0202420 
7.0646977  0.2459383  0.0141170 
7.0948202  0.2528793  0.0125890 
7.1249427  0.2672254  0.0094780 
7.1550752  0.2724513  0.0115260 
7.1851977  0.2768981  0.0134280 
7.2153203  0.2820208  0.0106270 
7.2454428  0.2904155  0.0118660 
7.2755653  0.2991387  0.0095170 
7.3056978  0.3014010  0.0191080 
7.3358203  0.3052658  0.0212570 
7.3659428  0.3064405  0.0202430 
7.3960653  0.3135237  0.0092070 
7.4261879  0.3254024  0.0105850 
7.4563204  0.3522252  0.0101700 
7.4261879  0.3310950  0.0109720 
7.4864429  0.3652625  0.0208770 
7.5466879  0.3596812  0.0133780 
7.6069330  0.3914497  0.0158030 
7.6671880  0.4261590  0.0082520 
7.7274330  0.4009521  0.0062190 
7.7876781  0.3850263  0.0115090 
7.8479331  0.3924810  0.0149470 
7.9081781  0.3777379  0.0152920 
7.9684331  0.3543212  0.0132540 
8.0286782  0.3444595  0.0211460 
8.0889232  0.3287039  0.0092410 
8.1491782  0.3105132  0.0055150 
8.2094232  0.3099835  0.0073650 
8.2696683  0.3126253  0.0047810 
8.3299233  0.3117576  0.0074570 
8.3901683  0.3155688  0.0085050 
8.4504134  0.3198452  0.0113290 
8.5106684  0.3250296  0.0137230 
8.5709134  0.3303199  0.0140520 
8.6311684  0.3265919  0.0152030 
8.6914135  0.3103804  0.0156120 
8.7516585  0.2905710  0.0135170 
8.8119135  0.2778958  0.0129820 
8.8721586  0.2632922  0.0131420 
8.9324036  0.2607121  0.0086660 
8.9926586  0.2670672  0.0194270 
9.0529037  0.2601395  0.0079540 
9.1131487  0.2444028  0.0081270 
9.1734037  0.2494731  0.0093840 
9.2336488  0.2503394  0.0101770 
9.2939038  0.2531931  0.0076120 
9.3541488  0.2548184  0.0089610 
9.4143939  0.2571196  0.0084880 
9.4746489  0.2603796  0.0111680 
9.5348939  0.2632413  0.0128670 
9.5951390  0.2750314  0.0282680 
9.6553940  0.3115551  0.0107660 
9.7156390  0.3002625  0.0111780 
9.7758841  0.2814240  0.0092830 
9.8361391  0.2783638  0.0111680 
9.8963841  0.2829259  0.0168870 
9.9566391  0.2881639  0.0108370 
10.0168842  0.2897262  0.0114760 
10.0771292  0.2947912  0.0108170 
10.1373842  0.2978996  0.0108070 
10.1976292  0.3038712  0.0092420 
10.2578743  0.3087927  0.0096030 
10.3181293  0.3131442  0.0105830 
10.3783743  0.3196334  0.0132510 
10.4386194  0.3395540  0.0369780 
10.4988744  0.4036905  0.0127370 
10.5591194  0.4048759  0.0309050 
10.6193744  0.3538291  0.0119510 
10.6796195  0.3603987  0.0135480 
10.7398645  0.3691997  0.0138150 
10.8001195  0.3731114  0.0133080 
10.8603646  0.3693472  0.0214110 
10.9206096  0.3828512  0.0144040 
10.9808646  0.3995816  0.0142900 
11.0411097  0.4145633  0.0485410 
11.1013547  0.4419628  0.0483800 
11.1616097  0.5527891  0.0386070 
11.2218548  0.7334109  0.0396920 
11.2821098  0.7772900  0.0392130 
11.3423548  0.6963347  0.0195590 
11.4025999  0.6127349  0.0386360 
11.4628549  0.5797568  0.0219680 
11.5230999  0.5370926  0.0210980 
11.5833450  0.5159275  0.0183560 
11.6436000  0.5006051  0.0163860 
11.7038450  0.4913321  0.0174040 
11.7640900  0.4855228  0.0176330 
11.8243451  0.4902083  0.0274480 
11.8845901  0.5139495  0.0164500 
11.9448451  0.5356202  0.0165510 
12.0050901  0.5397626  0.0164470 
12.0653352  0.5368137  0.0173270 
12.1255902  0.5321792  0.0185890 
12.1858352  0.5379603  0.0170670 
12.2460803  0.5656548  0.0167390 
12.3063353  0.5821827  0.0175010 
12.3665803  0.5732838  0.0182620 
12.4268254  0.5752711  0.0189140 
12.4870804  0.5856760  0.0210990 
12.5473254  0.6080695  0.0195020 
12.6075804  0.6267203  0.0209330 
12.6678255  0.6349822  0.0418570 
12.7280705  0.6971125  0.0428110 
12.7883255  0.9243128  0.0428920 
12.8485706  0.9096717  0.0473540 
12.9088156  0.6508986  0.0102100 
12.9690706  0.5628628  0.0204460 
13.0293157  0.5625597  0.0209730 
13.0895607  0.5567411  0.0162300 
13.1498157  0.5585206  0.0103320 
13.2100608  0.5632704  0.0204570 
13.2703058  0.5716410  0.0204440 
13.3305608  0.5668885  0.0223060 
13.3908059  0.5720473  0.0185430 
13.4510609  0.5823423  0.0619160 
13.5113059  0.5985229  0.0232260 
13.5715510  0.6101736  0.0228130 
13.6318060  0.6107891  0.0202650 
13.6920510  0.6096009  0.0244950 
13.7522960  0.6126584  0.0232190 
13.8125511  0.6041846  0.0243550 
13.8727961  0.6121784  0.0443670 
13.9330411  0.6183470  0.0258480 
14.0146927  0.6183470  0.0159190 
14.0990437  0.6440970  0.0222110 
14.1833948  0.6394310  0.0141360 
14.2677358  0.7415810  0.0200930 
14.3520869  0.7385700  0.0194770 
14.4364379  0.6537870  0.0117400 
14.5207790  0.6386650  0.0117300 
14.6051300  0.6497450  0.0135550 
14.6894810  0.6748680  0.0105660 
14.7738321  0.6778410  0.0114320 
14.8581731  0.6902080  0.0101240 
14.9425242  0.7039610  0.0169120 
15.0268752  0.7030810  0.0104510 
15.1112163  0.7135910  0.0108880 
15.1955673  0.7296670  0.0122420 
15.2799183  0.7448100  0.0111280 
15.3642594  0.7426360  0.0096590 
15.4486104  0.8469100  0.0100420 
15.5329615  1.0947970  0.0109570 
15.6173025  1.0371380  0.0160990 
15.7016536  0.8175320  0.0098080 
15.7860046  0.8247460  0.0100130 
15.8703457  0.8459330  0.0125540 
15.9546967  0.8631230  0.0124340 
16.0390487  0.8626550  0.0112870 
16.1233977  0.8783060  0.0125750 
16.2077398  0.9060240  0.0123250 
16.2920918  0.9377020  0.0216480 
16.3764419  1.0205390  0.0154960 
16.4607839  1.0519610  0.0126210 
16.5451330  1.0170610  0.0162630 
16.6294850  0.9998140  0.0149550 
16.7138271  1.0054890  0.0192530 
16.7981761  1.0228170  0.0148110 
16.8825281  1.0555410  0.0152290 
16.9668682  1.1635220  0.0135730 
17.0512202  1.2716070  0.0301420 
17.1355713  1.0993230  0.0131150 
17.2199113  1.0869660  0.0187110 
17.3042634  1.1123980  0.0214280 
17.3886144  1.1198190  0.0179880 
17.4729644  1.1052770  0.0148180 
17.5573065  1.0953850  0.0175880 
17.6416585  1.1083810  0.0222940 
17.7260076  1.1085470  0.0227910 
17.8103496  1.1022980  0.0153210 
17.8947017  1.1094150  0.0364080 
17.9790517  1.1266540  0.0146120 
18.0633938  1.1066080  0.0187000 
18.1477428  1.1111960  0.0198150 
18.2320948  1.1092900  0.0209050 
18.3164369  1.1162700  0.0187590 
18.4007859  1.1280540  0.0249450 
18.4851380  1.1416400  0.0197220 
18.5694780  1.1493420  0.0246400 
18.6538301  1.2743670  0.0493630 
18.7381811  1.2875490  0.0217890 
18.8225331  1.1790260  0.0245790 
18.9068732  1.1439010  0.0516310 
18.9912242  1.1464270  0.0522390 
19.0755743  1.1473200  0.0362540 
19.1599163  1.1334660  0.0378230 
19.2442684  1.1320270  0.0312600 
19.3286174  1.1355320  0.0154170 
19.4129595  1.1361580  0.0163070 
19.4973115  1.1664140  0.0206980 
19.5816615  1.1672750  0.0209400 
19.6660036  1.1558000  0.0169620 
19.7503526  1.1605200  0.0215370 
19.8347047  1.1734720  0.0488590 
19.9190467  1.1821220  0.0374620 
20.0033958  1.1883980  0.0226920 
20.0877478  1.1945230  0.0259130 
20.1720998  1.2153860  0.0227250 
20.2564399  1.2117880  0.0309180 
20.3407909  1.2048010  0.0374320 
20.4251429  1.1980210  0.0258750 
20.5094830  1.1913030  0.0286170 
20.6781841  1.2014690  0.0160630 
20.8468782  1.2542510  0.0242610 
21.0155693  1.2514450  0.0146550 
21.1842713  1.2698810  0.0152920 
21.3529624  1.2816540  0.0175100 
21.5216655  1.2727690  0.0207210 
21.6903576  1.2831710  0.0158150 
21.8590497  1.3125420  0.0180790 
22.0277528  1.3418760  0.0291160 
22.1964439  1.3423470  0.0151760 
22.3651360  1.3636640  0.0686160 
22.5338370  1.4101680  0.0848510 
22.7025311  1.4441300  0.0188200 
22.8712322  1.4523830  0.0255270 
23.0399243  1.4303930  0.0139330 
23.2086154  1.4613000  0.0287770 
23.3773195  1.4771400  0.0570170 
23.5460106  1.4876550  0.0171600 
23.7147027  1.5055060  0.0150540 
23.8834037  1.5162200  0.0272450 
24.0520978  1.5126580  0.0209090 
24.2207989  1.5240600  0.0230240 
24.3894910  1.5317770  0.0129840 
24.5581821  1.5422390  0.0222360 
24.7268851  1.5336230  0.0183840 
24.8955772  1.5176160  0.0179330 
25.0642693  1.5232660  0.0176900 
25.2329724  1.5536270  0.0121780 
25.4016645  1.5604260  0.0247700 
25.5703656  1.5795630  0.0269580 
25.7390567  1.8253960  0.0179030 
25.9077488  2.0643890  0.0348310 
26.0764518  1.7317740  0.0174940 
26.2451439  1.6792740  0.0256410 
26.4138360  1.6699310  0.0167300 
26.5825391  1.6803840  0.0165030 
26.7512302  1.6832350  0.0179670 
26.9199323  1.6809770  0.0199710 
27.0886234  1.7074830  0.0274110 
27.2573175  1.7681000  0.0180310 
27.4260185  1.7925240  0.0146240 
27.5947106  1.8090920  0.0172640 
27.7634017  1.8190110  0.0176700 
27.9321048  1.8186030  0.0448930 
28.1007969  1.8258020  0.0256210 
28.2694980  1.8257020  0.0191230 
28.4381921  1.8536040  0.0317450 
28.6068842  1.8744870  0.0175350 
28.7755852  1.8708560  0.0214370 
28.9442763  1.8694080  0.0188860 
29.1129684  1.8322400  0.0172350 
29.2816715  1.8611940  0.0288110 
29.4503636  1.9103910  0.0315520 
29.6190646  1.9613210  0.0291350 
29.7877587  1.9953590  0.0160630 
29.9564498  1.9881630  0.0178100 
30.1251519  1.9679480  0.0345510 
30.2938430  1.9741060  0.0234330 
30.4625371  1.9953500  0.0388870 
30.6312382  2.0591530  0.0338250 
30.7999303  2.0773070  0.0243630 
30.9686333  2.0747490  0.0316810 
31.1373244  2.0948560  0.0323900 
31.3060165  2.1453530  0.0304150 
31.4747176  2.1951170  0.0298480 
31.6434117  2.2091470  0.1006910 
31.8121038  2.2092000  0.0252180 
31.9808049  2.2188850  0.0358330 
32.1494960  2.2523800  0.0304870 
32.3182000  2.3283370  0.0439790 
32.4868911  2.4172230  0.0444280 
32.6555832  2.5047690  0.0459150 
32.8242863  2.5840980  0.0410210 
32.9929784  2.5755410  0.0462980 
33.1616695  2.6376110  0.0578150 
33.3303725  2.7609590  0.0570060 
33.4990646  2.7061460  0.0776170 
33.6677637  2.6770610  0.1096760 
33.8364558  2.6760850  0.2231230 
34.0051519  2.6470760  0.0553250 
34.1738510  2.7350030  0.0786080 
34.3425431  2.7052170  0.0783530 
34.5112342  2.8178730  0.0596030 
34.6799372  3.3311280  0.0705010 
34.8486293  3.4056740  0.0489540 
35.0173324  2.8147750  0.0732110 
35.1860245  2.5869240  0.0627740 
35.3547156  2.7710600  0.2067280 
35.5234197  2.8020670  0.0671990 
35.6921108  2.7208710  0.0755600 
35.8608029  2.7474100  0.1095090 
36.0295059  2.7898060  0.2748350 
36.1981980  2.7280810  0.0794680 
36.3669011  2.7607720  0.1449390 
36.5355932  2.8228530  0.1033050 
36.7042843  2.7588700  0.0714220 
36.8729834  2.7717060  0.1121530 
37.0416755  2.9890280  0.1485730 
37.2103716  2.7732910  0.1922430 
