5.2036751  0.0993330  0.0045410 
5.2336626  0.0986400  0.0039070 
5.2636501  0.1053436  0.0040360 
5.2936376  0.1046494  0.0034820 
5.3236350  0.1116372  0.0034420 
5.3536225  0.1152485  0.0067040 
5.3836100  0.1069925  0.0036100 
5.4135975  0.1132547  0.0054710 
5.4435850  0.1165941  0.0032840 
5.4735824  0.1154832  0.0065320 
5.5035699  0.1291701  0.0052010 
5.5335574  0.1215960  0.0030310 
5.5635450  0.1130267  0.0032950 
5.5935325  0.1341102  0.0028450 
5.6235299  0.1361040  0.0034380 
5.6535174  0.1203986  0.0052020 
5.6835049  0.1219891  0.0075680 
5.7134924  0.1230124  0.0042310 
5.7434799  0.1223587  0.0032740 
5.7734773  0.1210759  0.0036080 
5.8034648  0.1214421  0.0035590 
5.8334523  0.1191349  0.0031260 
5.8634398  0.1212062  0.0026700 
5.8934273  0.1241492  0.0034740 
5.9234248  0.1241671  0.0029880 
5.9534123  0.1265844  0.0068040 
5.9833998  0.1295891  0.0083030 
6.0133873  0.1324804  0.0030460 
6.0433748  0.1361152  0.0039330 
6.0733722  0.1385886  0.0031150 
6.1033597  0.1463414  0.0035010 
6.1333472  0.1518431  0.0031510 
6.1633347  0.1610291  0.0038070 
6.1933222  0.1687009  0.0046280 
6.2233196  0.1680079  0.0048190 
6.2533072  0.1632981  0.0048180 
6.2832947  0.1566720  0.0048410 
6.3132822  0.1539424  0.0055160 
6.3432697  0.1568562  0.0041640 
6.3732671  0.1564799  0.0048740 
6.4032546  0.1532134  0.0035170 
6.4332421  0.1523474  0.0040740 
6.4632296  0.1507445  0.0042490 
6.4932171  0.1559666  0.0078200 
6.5232145  0.1520924  0.0033740 
6.5532020  0.1541323  0.0039000 
6.5831895  0.1554712  0.0050490 
6.6131770  0.1569022  0.0040760 
6.6431646  0.1571931  0.0049980 
6.6731620  0.1589027  0.0047180 
6.7031495  0.1645494  0.0117760 
6.7331370  0.1661601  0.0117280 
6.7631245  0.1689761  0.0093570 
6.7931120  0.1718427  0.0044760 
6.8231094  0.1684841  0.0048990 
6.8530969  0.1721796  0.0045620 
6.8830844  0.1959006  0.0046690 
6.9130719  0.2144759  0.0070340 
6.9430594  0.2028221  0.0050030 
6.9730569  0.2569418  0.0081940 
7.0030444  0.2478041  0.0086030 
7.0330319  0.1952480  0.0076700 
7.0630194  0.1984998  0.0089940 
7.0930069  0.2094100  0.0179860 
7.1230043  0.2114487  0.0204160 
7.1529918  0.2127371  0.0147290 
7.1829793  0.2145602  0.0076890 
7.2129668  0.2128562  0.0089490 
7.2429543  0.2119138  0.0093740 
7.2729517  0.2149129  0.0085670 
7.3029393  0.2182759  0.0068610 
7.3329268  0.2211413  0.0077660 
7.3629143  0.2212469  0.0073390 
7.3929018  0.2231935  0.0051910 
7.4228992  0.2279303  0.0084720 
7.3929018  0.2192194  0.0046530 
7.4528867  0.2287491  0.0054140 
7.5128617  0.2326176  0.0052520 
7.5728367  0.2590299  0.0195520 
7.6328216  0.3242272  0.0056210 
7.6927967  0.2952494  0.0075540 
7.7527717  0.2536405  0.0073290 
7.8127566  0.2630456  0.0072090 
7.8727316  0.2580235  0.0073500 
7.9327165  0.2540045  0.0177220 
7.9926915  0.2529756  0.0085500 
8.0526665  0.2449589  0.0041950 
8.1126515  0.2356224  0.0048170 
8.1726265  0.2328333  0.0044370 
8.2326015  0.2347350  0.0040170 
8.2925864  0.2338397  0.0050630 
8.3525614  0.2359245  0.0069690 
8.4125364  0.1937147  0.0726210 
8.4725214  0.2230890  0.0036120 
8.5324964  0.2233204  0.0040710 
8.5924813  0.2234294  0.0047540 
8.6524563  0.2165101  0.0103330 
8.7124313  0.2100132  0.0040350 
8.7724163  0.2010822  0.0032690 
8.8323913  0.1928364  0.0034020 
8.8923663  0.1885433  0.0031790 
8.9523512  0.2026020  0.0041000 
9.0123262  0.2036825  0.0035660 
9.0723012  0.1729300  0.0040600 
9.1322862  0.1621433  0.0024450 
9.1922612  0.1592745  0.0033300 
9.2522461  0.1544827  0.0027140 
9.3122211  0.1515668  0.0023180 
9.3721961  0.1480105  0.0024850 
9.4321810  0.1481217  0.0028090 
9.4921560  0.1523586  0.0037420 
9.5521311  0.1516195  0.0100830 
9.6121160  0.1561418  0.0031900 
9.6720910  0.1647089  0.0039930 
9.7320660  0.1517790  0.0070610 
9.7920509  0.1429626  0.0031010 
9.8520259  0.1429559  0.0027400 
9.9120109  0.1443397  0.0031130 
9.9719859  0.1512163  0.0029380 
10.0319609  0.1624590  0.0105900 
10.0919458  0.1652256  0.0078760 
10.1519208  0.1703577  0.0037640 
10.2118958  0.1772545  0.0035290 
10.2718808  0.1859800  0.0034120 
10.3318558  0.1930150  0.0035710 
10.3918308  0.2038825  0.0098500 
10.4518157  0.2840842  0.0040720 
10.5117907  0.3620922  0.0049330 
10.5717756  0.2751779  0.0086160 
10.6317507  0.2234294  0.0040460 
10.6917257  0.2310709  0.0043780 
10.7517106  0.2351573  0.0051790 
10.8116856  0.2387664  0.0041480 
10.8716606  0.2422889  0.0055230 
10.9316455  0.2501461  0.0048420 
10.9916206  0.2591984  0.0068820 
11.0515956  0.2659514  0.0077140 
11.1115805  0.2893601  0.0050690 
11.1715555  0.3440010  0.0059460 
11.2315404  0.3878541  0.0100750 
11.2915154  0.3895772  0.0069300 
11.3514905  0.3861097  0.0142590 
11.4114754  0.3859917  0.0062410 
11.4714504  0.3875755  0.0070770 
11.5314254  0.3884561  0.0065670 
11.5914103  0.3891571  0.0052740 
11.6513853  0.3905903  0.0049340 
11.7113603  0.3979656  0.0054870 
11.7713453  0.4043828  0.0067950 
11.8313203  0.4168600  0.0122570 
11.8913052  0.4309220  0.0124230 
11.9512802  0.4425320  0.0147570 
12.0112552  0.4525133  0.0137000 
12.0712402  0.4636897  0.0084650 
12.1312152  0.4712234  0.0053090 
12.1911902  0.4861211  0.0054920 
12.2511751  0.5170242  0.0078470 
12.3111501  0.5262506  0.0073690 
12.3711251  0.5146991  0.0078610 
12.4311101  0.5156190  0.0077030 
12.4910851  0.5283803  0.0158460 
12.5510700  0.5387356  0.0080460 
12.6110450  0.5486113  0.0059970 
12.6710200  0.5638067  0.0104490 
12.7310049  0.6385651  0.0090580 
12.7909799  0.8486244  0.0162370 
12.8509550  0.8466284  0.0098500 
12.9109399  0.5915389  0.0123330 
12.9709149  0.5656444  0.0077290 
13.0308899  0.5789011  0.0117910 
13.0908748  0.5942156  0.0209820 
13.1508498  0.5895091  0.0215540 
13.2108249  0.5812116  0.0091250 
13.2708098  0.5859540  0.0084960 
13.3307848  0.5916703  0.0081170 
13.3907697  0.5916703  0.0082980 
13.4507447  0.6082372  0.0082550 
13.5107197  0.6153384  0.0094760 
13.5707047  0.6266777  0.0082150 
13.6306797  0.6284749  0.0181980 
13.6906547  0.6362760  0.0080040 
13.7506396  0.6426302  0.0237950 
13.8106146  0.6510086  0.0143170 
13.8705896  0.6629960  0.0080510 
13.9518752  0.6629960  0.0164870 
14.0358482  0.6850070  0.0073780 
14.1198211  0.6977990  0.0096070 
14.2037841  0.7277860  0.0088750 
14.2877571  0.9270470  0.0145470 
14.3717300  0.9524130  0.0085530 
14.4556931  0.7854140  0.0213600 
14.5396660  0.7633930  0.0072330 
14.6236390  0.7786130  0.0384150 
14.7076119  0.7747960  0.0160510 
14.7915749  0.7860380  0.0294950 
14.8755479  0.7814310  0.0085210 
14.9595208  0.7766250  0.0068490 
15.0434839  0.7916730  0.0058080 
15.1274568  0.7905050  0.0054850 
15.2114298  0.7944890  0.0093380 
15.2953928  0.7986690  0.0113790 
15.3793657  0.8223430  0.1124480 
15.4633387  1.0924140  0.0082900 
15.5473017  1.4466480  0.0097630 
15.6312747  1.3253960  0.0156830 
15.7152476  0.8899300  0.0074340 
15.7992106  0.9083360  0.0086660 
15.8831836  0.9152650  0.0082820 
15.9671575  0.9067260  0.0095010 
16.0511285  0.9216890  0.0096390 
16.1350925  0.9417320  0.0105820 
16.2190665  0.9442420  0.0095570 
16.3030384  0.9644100  0.0106350 
16.3870024  1.0035040  0.0076350 
16.4709734  1.0345250  0.0131000 
16.5549473  1.0355530  0.0187360 
16.6389114  1.0271770  0.0207420 
16.7228823  1.0456970  0.0251140 
16.8068563  1.0594530  0.0158570 
16.8908183  1.1038370  0.0226220 
16.9747922  1.1739710  0.0101840 
17.0587652  1.2379420  0.0395360 
17.1427272  1.1641600  0.0284720 
17.2267012  1.1386560  0.0193720 
17.3106741  1.1449420  0.0230110 
17.3946461  1.1472320  0.0211090 
17.4786101  1.1550490  0.0159150 
17.5625840  1.1734900  0.0127680 
17.6465550  1.1844160  0.0097920 
17.7305190  1.1952150  0.0135010 
17.8144930  1.2009190  0.0133910 
17.8984649  1.2082370  0.0131500 
17.9824289  1.2135060  0.0118270 
18.0663999  1.2065610  0.0144410 
18.1503739  1.2016480  0.0105310 
18.2343379  1.2235010  0.0252320 
18.3183088  1.2116020  0.0193880 
18.4022828  1.2195330  0.0119240 
18.4862448  1.2190430  0.0198450 
18.5702188  1.2187610  0.0308860 
18.6541917  1.4578650  0.0387480 
18.7381656  1.6460910  0.0251070 
18.8221277  1.4156630  0.0226700 
18.9061006  1.2558670  0.0352130 
18.9900726  1.2753960  0.0216020 
19.0740366  1.2798420  0.0138990 
19.1580106  1.2900010  0.0103910 
19.2419815  1.2777930  0.0283950 
19.3259455  1.2883780  0.0365300 
19.4099195  1.3350010  0.0123050 
19.4938914  1.3688570  0.0240010 
19.5778555  1.3746830  0.0278330 
19.6618264  1.3856170  0.0160960 
19.7458004  1.4024760  0.0133070 
19.8297644  1.4206820  0.0146920 
19.9137353  1.4259130  0.0210050 
19.9977093  1.4533470  0.0245480 
20.0816832  1.4647790  0.0312040 
20.1656453  1.4434050  0.0398470 
20.2496182  1.4878330  0.0299500 
20.3335922  1.5142980  0.0281330 
20.4175542  1.5456670  0.0155490 
20.5854991  1.5576730  0.0261820 
20.7534371  1.5712520  0.0111330 
20.9213720  1.6031650  0.0335270 
21.0893179  1.6394770  0.0194170 
21.2572529  1.6538490  0.0210930 
21.4251998  1.6694320  0.0316890 
21.5931358  1.7109480  0.0257780 
21.7610718  1.7412230  0.0327260 
21.9290187  1.7784590  0.0254980 
22.0969537  1.8183730  0.0254750 
22.2648896  1.8472600  0.0194130 
22.4328345  1.8787500  0.0833810 
22.6007725  1.8973650  0.0199040 
22.7687174  1.9333360  0.0936270 
22.9366534  1.9519760  0.0234010 
23.1045884  1.9748030  0.0306470 
23.2725362  1.9948200  0.0286600 
23.4404712  2.0158320  0.0200460 
23.6084072  2.0227300  0.0216110 
23.7763521  2.0850750  0.0172930 
23.9442901  2.1111110  0.0186220 
24.1122350  2.1605650  0.0933820 
24.2801710  2.3851870  0.0617790 
24.4481059  2.4685280  0.0230130 
24.6160528  2.1960570  0.0241100 
24.7839888  2.2013630  0.0281490 
24.9519248  2.1931530  0.0271170 
25.1198717  2.2043210  0.0214100 
25.2878077  2.2357140  0.0257870 
25.4557526  2.2533020  0.0165720 
25.6236876  2.3910890  0.0742370 
25.7916235  4.0295260  0.0421860 
25.9595704  4.3398040  0.0862900 
26.1275064  2.6189470  0.0174180 
26.2954424  2.3055050  0.0301730 
26.4633893  2.3816290  0.0199120 
26.6313242  2.4108330  0.0156150 
26.7992701  2.4290680  0.0200880 
26.9672051  2.4522280  0.0136230 
27.1351431  2.4835860  0.0286330 
27.3030880  2.5145270  0.0306630 
27.4710240  2.5195410  0.0253020 
27.6389590  2.5597820  0.0410250 
27.8069059  2.5580020  0.0341330 
27.9748418  2.5945650  0.0411830 
28.1427867  2.5980810  0.0458270 
28.3107247  2.6353920  0.0347870 
28.4786607  2.6618020  0.0353310 
28.6466056  2.6585740  0.0304590 
28.8145406  2.6628600  0.0343850 
28.9824765  2.6424870  0.0346950 
29.1504234  2.6619320  0.0347150 
29.3183594  2.6543700  0.0311390 
29.4863043  2.7080180  0.0160460 
29.6542423  2.7477400  0.0454700 
29.8221773  2.7312200  0.0307080 
29.9901232  2.7373050  0.0409290 
30.1580582  2.7487720  0.0311940 
30.3259961  2.7452730  0.0227790 
30.4939410  2.8420610  0.0337510 
30.6618770  2.8712260  0.0290830 
30.8298239  2.8820570  0.0449430 
30.9977589  2.8776960  0.0352990 
31.1656948  2.8979280  0.0435620 
31.3336398  2.9917630  0.0559490 
31.5015777  2.9687370  0.0429850 
31.6695137  2.9848780  0.0191040 
31.8374586  3.0113020  0.0503100 
32.0053936  3.0506110  0.0351460 
32.1733415  3.1022940  0.0338470 
32.3412765  3.1554360  0.0471490 
32.5092124  3.1978890  0.0396960 
32.6771593  3.2661230  0.0609700 
32.8450953  3.3270000  0.0551140 
33.0130303  3.4308970  0.0250930 
33.1809772  3.4152350  0.1116530 
33.3489132  3.8942040  0.0664810 
33.5168561  4.0526330  0.0441320 
33.6847921  3.7417750  0.0937310 
33.8527320  3.4672870  0.0723060 
34.0206749  3.5145940  0.0420580 
34.1886109  3.5820330  0.0995250 
34.3565459  3.4418060  0.0703300 
34.5244928  3.5790040  0.0463820 
34.6924287  4.3583490  0.0971840 
34.8603756  4.6570020  0.1542210 
35.0283116  3.6732300  0.1434470 
35.1962466  3.6527390  0.0825540 
35.3641945  3.6404060  0.1306280 
35.5321295  3.4007220  0.0714160 
35.7000654  3.3962690  0.1046890 
35.8680123  3.5171000  0.1336400 
36.0359483  3.6131920  0.1016400 
36.2038952  3.3638610  0.0952380 
36.3718312  3.5241500  0.0964200 
36.5397662  3.5318050  0.0787120 
36.7077091  3.5255950  0.0679990 
36.8756451  3.7805180  0.1514410 
37.0435850  3.4243560  0.1970460 
