5.2094609  0.8252819  0.0594000 
5.2394818  0.8252192  0.0484660 
5.2695026  0.8316562  0.0177160 
5.2995235  0.8228563  0.0182180 
5.3295543  0.8516657  0.0094920 
5.3595751  0.8361266  0.0137190 
5.3895959  0.8288218  0.0342360 
5.4196168  0.8319204  0.0331230 
5.4496376  0.8211430  0.0081290 
5.4796684  0.8332150  0.0143640 
5.5096893  0.8368825  0.0147400 
5.5397101  0.8259483  0.0070850 
5.5697310  0.8325453  0.0075090 
5.5997518  0.8726428  0.0153180 
5.6297826  0.8482938  0.0101720 
5.6598034  0.8309910  0.0114680 
5.6898243  0.8335218  0.0084430 
5.7198451  0.8298789  0.0087710 
5.7498660  0.8340706  0.0106640 
5.7798968  0.8258676  0.0114410 
5.8099176  0.8125503  0.0139280 
5.8399384  0.8106421  0.0153410 
5.8699593  0.8264589  0.0267110 
5.8999801  0.8255104  0.0465260 
5.9300109  0.8183097  0.0250340 
5.9600318  0.8131965  0.0164230 
5.9900526  0.8188641  0.0133940 
6.0200735  0.8277445  0.0140690 
6.0500943  0.8266616  0.0116280 
6.0801251  0.8381424  0.0146320 
6.1101459  0.8534653  0.0198370 
6.1401668  0.8632192  0.0390780 
6.1701876  0.8942358  0.0127440 
6.2002085  0.9082385  0.0119190 
6.2302393  0.8994196  0.0135140 
6.2602601  0.8967353  0.0139840 
6.2902809  0.8913309  0.0347730 
6.3203018  0.8924015  0.0119800 
6.3503226  0.8965371  0.0120130 
6.3803534  0.8886209  0.0098970 
6.4103743  0.8907620  0.0092520 
6.4403951  0.8932504  0.0094800 
6.4704160  0.8863879  0.0124400 
6.5004368  0.8992158  0.0294940 
6.5304676  0.8942179  0.0280780 
6.5604884  0.9008878  0.0137690 
6.5905093  0.9000176  0.0249430 
6.6205301  0.9095409  0.0225900 
6.6505510  0.9096170  0.0185400 
6.6805818  0.9037389  0.0130290 
6.7106026  0.9060716  0.0114730 
6.7406234  0.9030480  0.0134040 
6.7706443  0.9093807  0.0126790 
6.8006651  0.9103360  0.0113020 
6.8306959  0.9156206  0.0381700 
6.8607168  0.9151883  0.0284460 
6.8907376  0.9485017  0.0169900 
6.9207585  0.9435968  0.0128520 
6.9507793  0.9951448  0.0126610 
6.9808101  1.0535351  0.0204930 
7.0108309  0.9814646  0.0122070 
7.0408518  0.9671932  0.0119300 
7.0708726  0.9752808  0.0128640 
7.1008935  0.9833415  0.0132510 
7.1309243  0.9967327  0.0102790 
7.1609451  1.0015895  0.0144890 
7.1909659  0.9947450  0.0130280 
7.2209868  1.0031517  0.0137130 
7.2510076  1.0125641  0.0118880 
7.2810384  1.0201780  0.0151810 
7.3110593  1.0334382  0.0292460 
7.3410801  1.0437027  0.0117450 
7.3711010  1.0513872  0.0384760 
7.4011218  1.0546571  0.0179740 
7.4311526  1.0628220  0.0161190 
7.4011218  1.0572866  0.0180500 
7.4611734  1.0963314  0.0093350 
7.5212151  1.0915362  0.0130120 
7.5812568  1.1336360  0.0170710 
7.6413084  1.2043861  0.0101940 
7.7013501  1.1706404  0.0094840 
7.7613918  1.1386608  0.0117220 
7.8214435  1.1510844  0.0105250 
7.8814852  1.1418479  0.0119700 
7.9415368  1.1199054  0.0108620 
8.0015785  1.0952283  0.0139350 
8.0616202  1.0739366  0.0082390 
8.1216718  1.0483154  0.0096620 
8.1817135  1.0245185  0.0142550 
8.2417552  1.0103322  0.0324440 
8.3018068  1.0044821  0.0090160 
8.3618485  0.9819842  0.0066530 
8.4218902  0.9536732  0.0086700 
8.4819418  0.9293992  0.0147480 
8.5419835  0.9126474  0.0123160 
8.6020351  0.8958775  0.0127550 
8.6620768  0.8652630  0.0129960 
8.7221185  0.8259774  0.0113570 
8.7821702  0.7910805  0.0078690 
8.8422119  0.7527781  0.0096430 
8.9022535  0.7320911  0.0111810 
8.9623052  0.7428820  0.0114390 
9.0223469  0.7065976  0.0068860 
9.0823886  0.6453920  0.0062350 
9.1424402  0.6181571  0.0055410 
9.2024819  0.5997512  0.0044820 
9.2625335  0.5755523  0.0055110 
9.3225752  0.5622249  0.0059780 
9.3826169  0.5516994  0.0120980 
9.4426685  0.5450911  0.0098210 
9.5027102  0.5507733  0.0104150 
9.5627519  0.5374078  0.0055780 
9.6228035  0.5460945  0.0046780 
9.6828452  0.5433318  0.0054970 
9.7428869  0.5352017  0.0095410 
9.8029385  0.5394605  0.0051730 
9.8629802  0.5504698  0.0055380 
9.9230319  0.5577063  0.0139750 
9.9830736  0.5789387  0.0056880 
10.0431153  0.6030973  0.0343300 
10.1031669  0.6200418  0.0105910 
10.1632086  0.6411724  0.0059820 
10.2232503  0.6644407  0.0061280 
10.2833019  0.6938458  0.0135750 
10.3433436  0.7125362  0.0118030 
10.4033853  0.7453591  0.0109590 
10.4634369  0.9185143  0.0079440 
10.5234786  1.0081910  0.0079060 
10.5835302  0.8402208  0.0322540 
10.6435719  0.8081672  0.0087920 
10.7036136  0.8316606  0.0061650 
10.7636652  0.8457641  0.0095290 
10.8237069  0.8582012  0.0103160 
10.8837486  0.8784201  0.0094940 
10.9438003  0.8869657  0.0063360 
11.0038420  0.9218335  0.0064060 
11.0638836  0.9423907  0.0269800 
11.1239353  1.0012110  0.0208790 
11.1839770  1.0012110  0.0190090 
11.2440286  1.0639560  0.0078320 
11.3040703  1.0654420  0.0086560 
11.3641120  1.0663120  0.0167100 
11.4241636  1.0700850  0.0090200 
11.4842053  1.0875200  0.0068150 
11.5442470  1.1002110  0.0088860 
11.6042986  1.1198450  0.0083530 
11.6643403  1.1329750  0.0088830 
11.7243820  1.1399490  0.0084950 
11.7844336  1.1484170  0.0071900 
11.8444753  1.1867390  0.0084450 
11.9045270  1.2210930  0.0106490 
11.9645686  1.2487650  0.0075910 
12.0246103  1.2681480  0.0182640 
12.0846620  1.2859670  0.0242210 
12.1447037  1.2994700  0.0112840 
12.2047454  1.3233080  0.0092130 
12.2647970  1.3574120  0.0134040 
12.3248387  1.3763560  0.0142970 
12.3848804  1.3876720  0.0101850 
12.4449320  1.3959640  0.0091890 
12.5049737  1.4173530  0.0110520 
12.5650253  1.4407560  0.0128060 
12.6250670  1.4573480  0.0120460 
12.6851087  1.4839840  0.0194990 
12.7451603  1.6594020  0.0150520 
12.8052020  1.8432260  0.0142750 
12.8652437  1.6207490  0.0165340 
12.9252953  1.4672550  0.0101640 
12.9853370  1.4724020  0.0104880 
13.0453787  1.4824610  0.0193270 
13.1054304  1.4977100  0.0190730 
13.1654721  1.4990130  0.0183530 
13.2255137  1.4956820  0.0130310 
13.2855654  1.4950010  0.0125440 
13.3456071  1.5014660  0.0142860 
13.4056587  1.5107960  0.0131030 
13.4657004  1.5276730  0.0327580 
13.5257421  1.5385280  0.0121330 
13.5857937  1.5479330  0.0148020 
13.6458354  1.5622850  0.0126860 
13.7058771  1.5694960  0.0123310 
13.7659287  1.5706220  0.0132000 
13.8259704  1.5822560  0.0112260 
13.8860121  1.5939740  0.0178180 
13.9673881  1.6752850  0.0110260 
14.0514544  1.6755150  0.0211180 
14.1355207  1.6960720  0.0278680 
14.2195771  1.8206340  0.0311750 
14.3036434  2.0408790  0.0345870 
14.3877097  1.9463950  0.0134420 
14.4717661  1.7679070  0.0168380 
14.5558324  1.7760920  0.0158110 
14.6398987  1.7917460  0.0300620 
14.7239651  1.8331990  0.0253670 
14.8080214  1.8337860  0.0328730 
14.8920878  1.8344430  0.0353350 
14.9761541  1.8180750  0.0393750 
15.0602105  1.8186050  0.0282930 
15.1442768  1.8197670  0.0152580 
15.2283431  1.8296750  0.0108470 
15.3123995  1.8323020  0.0161880 
15.3964658  1.8798610  0.1118950 
15.4805321  2.4707130  0.0176760 
15.5645885  2.7085760  0.0226330 
15.6486548  2.0551410  0.0156330 
15.7327211  1.8961750  0.0114510 
15.8167775  1.9035280  0.0142650 
15.9008438  1.9188720  0.0212980 
15.9849111  1.8933730  0.0154780 
16.0689755  1.9052420  0.0156990 
16.1530329  1.9160010  0.0149350 
16.2371002  1.9145530  0.0187150 
16.3211655  1.9543930  0.1002870 
16.4052229  1.9858470  0.1178550 
16.4892872  2.0124700  0.0638860 
16.5733545  2.0239990  0.0120140 
16.6574119  2.0192570  0.0225030 
16.7414762  2.0571420  0.0149520 
16.8255435  2.0579030  0.0163020 
16.9095989  2.1032670  0.0317110 
16.9936662  2.1906950  0.0137280 
17.0777326  2.1023470  0.0147340 
17.1617879  2.0986490  0.0282220 
17.2458553  2.1132310  0.0240960 
17.3299216  2.1177290  0.0147870 
17.4139869  2.1087830  0.0210510 
17.4980443  2.1119580  0.0144860 
17.5821116  2.1188510  0.0312120 
17.6661759  2.1063860  0.0234320 
17.7502333  2.1078270  0.0129760 
17.8343006  2.1582210  0.0303580 
17.9183659  2.1609540  0.0332520 
18.0024233  2.1506080  0.0275570 
18.0864876  2.1529770  0.0342930 
18.1705549  2.1299720  0.0325970 
18.2546123  2.1599630  0.0324560 
18.3386767  2.1489370  0.0277280 
18.4227440  2.1606150  0.0150720 
18.5067994  2.1504140  0.0279330 
18.5908667  2.2322510  0.0709550 
18.6749330  2.7101630  0.0944270 
18.7590003  2.5575680  0.0186560 
18.8430557  2.1891140  0.0475430 
18.9271220  2.2093820  0.0384280 
19.0111873  2.2484020  0.0558550 
19.0952447  2.2675430  0.0316730 
19.1793120  2.2659600  0.0272820 
19.2633764  2.2862740  0.0188790 
19.3474337  2.3019160  0.0447940 
19.4315010  2.3394130  0.0309910 
19.5155664  2.3989010  0.0163530 
19.5996237  2.3838890  0.0173650 
19.6836881  2.3652950  0.0289170 
19.7677554  2.4108380  0.0490270 
19.8518128  2.4556960  0.0625020 
19.9358771  2.4711120  0.0260860 
20.0199444  2.4979160  0.0184330 
20.1040117  2.5015830  0.0348760 
20.1880671  2.5079520  0.0467790 
20.2721334  2.5750360  0.0328120 
20.3562007  2.5512500  0.0233830 
20.4402561  2.4996830  0.0517130 
20.6083878  2.5816740  0.0379560 
20.7765125  2.6480260  0.0197350 
20.9446342  2.6630720  0.0539590 
21.1127668  2.7098770  0.0397470 
21.2808885  2.7373400  0.0282950 
21.4490221  2.7610650  0.0286080 
21.6171448  2.7976340  0.0298210 
21.7852675  2.8493570  0.0384080 
21.9534012  2.8905320  0.0299030 
22.1215229  2.9085760  0.0673070 
22.2896456  2.9501210  0.1367760 
22.4577772  2.9767920  0.1936560 
22.6259019  3.0204080  0.0888420 
22.7940336  3.0898230  0.0300520 
22.9621563  3.1132150  0.0277660 
23.1302780  3.1006920  0.0216840 
23.2984126  3.1158470  0.0203140 
23.4665343  3.1636190  0.0169820 
23.6346570  3.2013440  0.0334760 
23.8027886  3.2995050  0.0324770 
23.9709133  3.3631730  0.1852720 
24.1390450  3.4297670  0.0338460 
24.3071677  3.5318570  0.0230550 
24.4752894  3.5585710  0.0191300 
24.6434230  3.4951210  0.0246760 
24.8115457  3.5233000  0.0357310 
24.9796684  3.5059720  0.0201640 
25.1478020  3.5661830  0.0462860 
25.3159247  3.5833300  0.1388130 
25.4840564  3.5367380  0.0364440 
25.6521781  3.7792080  0.0272850 
25.8203008  5.5521030  0.0916100 
25.9884344  4.9507060  0.0359370 
26.1565571  3.8910880  0.0439010 
26.3246798  3.6748040  0.0339320 
26.4928135  3.7104970  0.0361070 
26.6609352  3.8018550  0.0261820 
26.8290678  3.8648030  0.0266170 
26.9971895  3.8690090  0.0299230 
27.1653142  3.8892290  0.0487320 
27.3334458  3.9466720  0.1029930 
27.5015685  3.9748460  0.1447900 
27.6696903  4.0354190  0.0258870 
27.8378239  3.9978540  0.0403300 
28.0059466  4.0395920  0.0351960 
28.1740782  4.0771630  0.1112830 
28.3422029  4.0826130  0.1652310 
28.5103256  4.1476340  0.1285220 
28.6784573  4.1436970  0.0346650 
28.8465790  4.1792070  0.0362920 
29.0147017  4.1368120  0.0373330 
29.1828353  4.2027160  0.1604410 
29.3509580  4.2054210  0.0298930 
29.5190896  4.2574410  0.0337110 
29.6872143  4.2522900  0.0913380 
29.8553360  4.2537570  0.0322510 
30.0234687  4.2709820  0.0345850 
30.1915904  4.2929540  0.0339900 
30.3597151  4.3392370  0.0617380 
30.5278467  4.4663860  0.0332360 
30.6959694  4.4436290  0.2581440 
30.8641030  4.4716720  0.0259040 
31.0322248  4.4779260  0.0763490 
31.2003475  4.4443590  0.0638280 
31.3684791  4.5176670  0.1636510 
31.5366038  4.5545650  0.0565690 
31.7047265  4.5750080  0.0379960 
31.8728581  4.6063640  0.0368500 
32.0409798  4.5956960  0.0537610 
32.2091145  4.6787680  0.0481210 
32.3772362  4.8253690  0.1094080 
32.5453589  4.9318460  0.0595230 
32.7134925  5.0044550  0.0324700 
32.8816152  4.9928100  0.0738260 
33.0497369  5.0914010  0.0766550 
33.2178705  5.1736060  0.1239660 
33.3859932  5.5004380  0.0457840 
33.5541229  5.4447640  0.2299580 
33.7222456  5.2594900  0.2086200 
33.8903723  5.0455420  0.0489010 
34.0585019  5.2961160  0.0816830 
34.2266246  5.2765980  0.2893680 
34.3947464  5.2004900  0.0994210 
34.5628800  5.8300030  0.1645430 
34.7310027  6.6136950  0.1957380 
34.8991363  6.0795970  0.1727050 
35.0672590  5.0186560  0.0925740 
35.2353807  5.4697460  0.1044830 
35.4035153  5.5146660  0.1160970 
35.5716370  5.1908260  0.0978390 
35.7397598  5.2997220  0.1240780 
35.9078934  5.4702540  0.6514610 
36.0760161  5.4260650  0.1785050 
36.2441497  5.1366310  0.0703120 
36.4122724  5.4090730  0.0637370 
36.5803941  5.4089620  0.0754220 
36.7485238  5.4014980  0.1609570 
36.9166465  5.8329850  0.2829310 
37.0847732  5.3760580  0.2896380 
